8 43
.000*0000000.0000000000***000000000000000E
000.*000.0000000000000.000000000000000000E
000.0000.0000000000000.000000000000000000E
000......00000000000000000000000000000000E
00000000000000.00000000000000000000000000E
00000000000000.....0.000000000.0000000000E
**********************************0***000E
**********************************0000000E
24
M 0 1 1000 RRRLLL
F 6 5,5 0,5 0,1 U 200 200 6,5 0 1 1 1
H 0 8  0 2000 2000 0
H 0 9  500 2000 2000 0
H 0 10 1000 2000 2000 0
H 0 11 1500 2000 2000 0
M 0 24 1000 LLLLLLLLLLLRRRRRRRRRRR
M 0 25 1000 LLLLLLLLLLLRRRRRRRRRRR
F 6 16,5 0,5 0,1 U 200 200 6,5 0 1 1 1
F 6 19,5 0,2 0,1 U 200 200 6,5 0 1 1 1
M 3 22 1000 LLLLLLLLRRRRRRRR
M 3 21 1000 LLLLLLLLRRRRRRRR
H 5 21 0 2000 2000 0
H 5 22 500 2000 2000 0
H 5 23 1000 2000 2000 0
H 5 24 1500 2000 2000 0
H 5 25 2000 2000 2000 0
H 5 26 2500 2000 2000 0
H 5 27 3000 2000 2000 0
H 5 28 3500 2000 2000 0
H 5 29 4000 2000 2000 0
F 0 37,5 0,5 0,5 D 1000 1000 6,5 0 1 1 1
M 5 31 900 UUUUURRRRRDDDDDLLDDRRRRUUUUUURRRLLLLLLLLLDDDDL
M 7 37 900 RUUUUUURRRLLLLLLLLLDDDDLUUUUURRRRRDDDDDLLDDRRR
7
sky metal-square.jpg 0
wall black-wood.jpg
exit exit.jpg
floor wood.jpg
danger water.jpg
hidden br-glass.jpg
moving metal.jpg

