255
0 0.5 -0.5 0 0 0 0
17 0.5 -0.5 0 0 0 0
34 0.5 -0.5 0 0 0 0
51 0.5 -0.5 0 0 0 0
68 0.5 -0.5 0 0 0 0
85 0.5 -0.5 0 0 0 0
102 0.5 -0.5 0 0 0 1
119 0.5 -0.5 0 0 0 1
136 0.5 -0.5 0 0 0 1
153 0.5 -0.5 0 0 0 1
170 0.5 -0.5 0 0 0 1
187 0.5 -0.5 0 0 0 1
204 0.5 -0.5 0 0 0 2
221 0.5 -0.5 0 0 0 2
238 0.5 -0.5 0 0 0 2
255 0.5 -0.5 0 0 0 2
272 0.5 -0.5 0 0 0 2
289 0.5 -0.5 0 0 0 2
306 0.5 -0.5 0 0 0 3
323 0.5 -0.55 0 0 1 16
340 0.5 -0.6 0 0 1 17
357 0.5 -0.65 0 0 1 17
374 0.5 -0.7 0 0 1 18
391 0.5 -0.75 0 0 1 19
408 0.5 -0.8 0 0 1 20
425 0.5 -0.85 0 0 1 21
442 0.5 -0.9 0 0 1 22
459 0.5 -0.95 0 0 1 22
476 0.5 -1 0 0 1 0
493 0.5 -1.05 0 0 1 1
510 0.5 -1.1 0 0 1 2
527 0.5 -1.15 0 0 1 3
544 0.5 -1.2 0 0 1 4
561 0.5 -1.25 0 0 1 5
578 0.5 -1.3 0 0 1 5
595 0.5 -1.35 0 0 1 6
612 0.5 -1.4 0 0 1 7
629 0.5 -1.45 0 0 1 8
646 0.5 -1.5 0 0 1 9
663 0.5 -1.55 0 0 1 10
680 0.5 -1.6 0 0 1 11
697 0.5 -1.65 0 0 1 11
714 0.5 -1.7 0 0 1 12
731 0.5 -1.75 0 0 1 13
748 0.5 -1.8 0 0 1 14
765 0.5 -1.85 0 0 1 15
782 0.5 -1.9 0 0 1 16
799 0.5 -1.95 0 0 1 16
816 0.5 -2 0 0 1 17
833 0.5 -2.05 0 0 1 18
850 0.5 -2.1 0 0 1 19
867 0.5 -2.15 0 0 1 20
884 0.5 -2.2 0 0 1 21
901 0.5 -2.25 0 0 1 22
918 0.5 -2.3 0 0 1 22
935 0.5 -2.35 0 0 1 0
952 0.5 -2.4 0 0 1 1
969 0.5 -2.45 0 0 1 2
986 0.5 -2.5 0 0 1 3
1003 0.5 -2.55 0 0 1 4
1020 0.5 -2.6 0 0 1 5
1037 0.5 -2.65 0 0 1 5
1054 0.5 -2.7 0 0 1 6
1071 0.5 -2.75 0 0 1 7
1088 0.5 -2.8 0 0 1 8
1105 0.5 -2.85 0 0 1 9
1122 0.5 -2.9 0 0 1 10
1139 0.5 -2.95 0 0 1 10
1156 0.5 -3 0 0 1 11
1173 0.5 -3.05 0 0 1 12
1190 0.5 -3.1 0 0 1 13
1207 0.5 -3.15 0 0 1 14
1224 0.5 -3.2 0 0 1 15
1241 0.5 -3.25 0 0 1 16
1258 0.5 -3.3 0 0 1 16
1275 0.5 -3.35 0 0 1 17
1292 0.5 -3.4 0 0 1 18
1309 0.5 -3.45 0 0 1 19
1326 0.5 -3.5 0 0 1 20
1343 0.5 -3.55 0 0 1 21
1360 0.5 -3.6 0 0 1 22
1377 0.5 -3.65 0 0 1 22
1394 0.5 -3.7 0 0 1 0
1411 0.5 -3.75 0 0 1 1
1428 0.5 -3.8 0 0 1 2
1445 0.5 -3.85 0 0 1 3
1462 0.5 -3.9 0 0 1 4
1479 0.5 -3.95 0 0 1 4
1496 0.5 -4 0 0 1 5
1513 0.5 -4.05 0 0 1 6
1530 0.5 -4.1 0 0 1 7
1547 0.5 -4.15 0 0 1 8
1564 0.5 -4.2 0 0 1 9
1581 0.5 -4.25 0 0 1 10
1598 0.5 -4.3 0 0 1 10
1615 0.5 -4.35 0 0 1 11
1632 0.5 -4.4 0 0 1 12
1649 0.5 -4.45 0 0 1 13
1666 0.5 -4.5 0 0 1 14
1683 0.55 -4.55 0 0 1 15
1700 0.6 -4.55 0 0 1 16
1717 0.65 -4.55 0 0 1 16
1734 0.7 -4.55 0 0 1 17
1751 0.75 -4.55 0 0 1 18
1768 0.8 -4.55 0 0 1 19
1785 0.85 -4.55 0 0 1 20
1802 0.9 -4.55 0 0 1 21
1819 0.95 -4.55 0 0 1 21
1836 1 -4.55 0 0 1 22
1853 1.05 -4.55 0 0 1 0
1870 1.1 -4.55 0 0 1 1
1887 1.15 -4.55 0 0 1 2
1904 1.2 -4.55 0 0 1 3
1921 1.25 -4.55 0 0 1 4
1938 1.3 -4.55 0 0 1 4
1955 1.35 -4.55 0 0 1 5
1972 1.4 -4.55 0 0 1 6
1989 1.45 -4.55 0 0 1 7
2006 1.5 -4.55 0 0 1 8
2023 1.55 -4.55 0 0 1 9
2040 1.6 -4.55 0 0 1 10
2057 1.65 -4.55 0 0 1 10
2074 1.7 -4.55 0 0 1 11
2091 1.75 -4.55 0 0 1 12
2108 1.8 -4.55 0 0 1 13
2125 1.85 -4.55 0 0 1 14
2142 1.9 -4.55 0 0 1 15
2159 1.95 -4.55 0 0 1 15
2176 2 -4.55 0 0 1 16
2193 2.05 -4.55 0 0 1 17
2210 2.1 -4.55 0 0 1 18
2227 2.15 -4.55 0 0 1 19
2244 2.2 -4.55 0 0 1 20
2261 2.25 -4.55 0 0 1 21
2278 2.3 -4.55 0 0 1 21
2295 2.35 -4.55 0 0 1 22
2312 2.4 -4.6 0 0 1 0
2329 2.45 -4.65 0 0 1 1
2346 2.5 -4.7 0 0 1 2
2363 2.5 -4.75 0 0 1 3
2380 2.5 -4.8 0 0 1 4
2397 2.5 -4.85 0 0 1 4
2414 2.5 -4.9 0 0 1 5
2431 2.5 -4.95 0 0 1 6
2448 2.5 -5 0 0 1 7
2465 2.5 -5.05 0 0 1 8
2482 2.5 -5.1 0 0 1 9
2499 2.5 -5.15 0 0 1 9
2516 2.5 -5.2 0 0 1 10
2533 2.5 -5.25 0 0 1 11
2550 2.5 -5.3 0 0 1 12
2567 2.5 -5.35 0 0 1 13
2584 2.5 -5.4 0 0 1 14
2601 2.5 -5.45 0 0 1 15
2618 2.5 -5.5 0 0 1 15
2635 2.5 -5.55 0 0 1 16
2652 2.5 -5.6 0 0 1 17
2669 2.5 -5.65 0 0 1 18
2686 2.5 -5.7 0 0 1 19
2703 2.5 -5.75 0 0 1 20
2720 2.5 -5.8 0 0 1 21
2737 2.5 -5.85 0 0 1 21
2754 2.5 -5.9 0 0 1 22
2771 2.5 -5.95 0 0 1 0
2788 2.5 -6 0 0 1 1
2805 2.5 -6.05 0 0 1 2
2822 2.5 -6.10001 0 0 1 3
2839 2.5 -6.15001 0 0 1 3
2856 2.5 -6.20001 0 0 1 4
2873 2.5 -6.25001 0 0 1 5
2890 2.5 -6.30001 0 0 1 6
2907 2.5 -6.35001 0 0 1 7
2924 2.5 -6.40001 0 0 1 8
2941 2.5 -6.45001 0 0 1 9
2958 2.5 -6.50001 0 0 1 9
2975 2.5 -6.55001 0 0 1 10
2992 2.5 -6.60001 0 0 1 11
3009 2.5 -6.65001 0 0 1 12
3026 2.5 -6.70001 0 0 1 13
3043 2.5 -6.75001 0 0 1 14
3060 2.5 -6.80001 0 0 1 15
3077 2.5 -6.85001 0 0 1 15
3094 2.5 -6.90001 0 0 1 16
3111 2.5 -6.95001 0 0 1 17
3128 2.5 -7.00001 0 0 1 18
3145 2.45 -7.05001 0 0 1 19
3162 2.4 -7.10001 0 0 1 20
3179 2.35 -7.10001 0 0 1 20
3196 2.3 -7.10001 0 0 1 21
3213 2.25 -7.10001 0 0 1 22
3230 2.2 -7.10001 0 0 1 0
3247 2.15 -7.10001 0 0 1 1
3264 2.1 -7.10001 0 0 1 2
3281 2.05 -7.10001 0 0 1 3
3298 2 -7.10001 0 0 1 3
3315 1.95 -7.10001 0 0 1 4
3332 1.9 -7.10001 0 0 1 5
3349 1.85 -7.10001 0 0 1 6
3366 1.8 -7.10001 0 0 1 7
3383 1.75 -7.10001 0 0 1 8
3400 1.7 -7.10001 0 0 1 9
3417 1.65 -7.10001 0 0 1 9
3434 1.6 -7.10001 0 0 1 10
3451 1.55 -7.10001 0 0 1 11
3468 1.5 -7.10001 0 0 1 12
3485 1.45 -7.10001 0 0 1 13
3502 1.4 -7.10001 0 0 1 14
3519 1.35 -7.10001 0 0 1 14
3536 1.3 -7.10001 0 0 1 15
3553 1.25 -7.10001 0 0 1 16
3570 1.2 -7.10001 0 0 1 17
3587 1.15 -7.10001 0 0 1 18
3604 1.1 -7.10001 0 0 1 19
3621 1.05 -7.10001 0 0 1 20
3638 1 -7.10001 0 0 1 20
3655 0.95 -7.10001 0 0 1 21
3672 0.9 -7.10001 0 0 1 22
3689 0.85 -7.10001 0 0 1 0
3706 0.8 -7.10001 0 0 1 1
3723 0.75 -7.10001 0 0 1 2
3740 0.7 -7.15001 0 0 1 3
3757 0.65 -7.20001 0 0 1 3
3774 0.6 -7.25001 0 0 1 4
3791 0.6 -7.30001 0 0 1 5
3808 0.6 -7.35001 0 0 1 6
3825 0.6 -7.40001 0 0 1 7
3842 0.6 -7.45001 0 0 1 8
3859 0.6 -7.50001 0 0 1 8
3876 0.6 -7.55001 0 0 1 9
3893 0.6 -7.60001 0 0 1 10
3910 0.6 -7.65001 0 0 1 11
3927 0.6 -7.70001 0 0 1 12
3944 0.6 -7.75001 0 0 1 13
3961 0.6 -7.80001 0 0 1 14
3978 0.6 -7.85001 0 0 1 14
3995 0.6 -7.90001 0 0 1 15
4012 0.6 -7.95001 0 0 1 16
4029 0.6 -8.00001 0 0 1 17
4046 0.6 -8.05001 0 0 1 18
4063 0.6 -8.10001 0 0 1 19
4080 0.6 -8.15001 0 0 1 20
4097 0.6 -8.20001 0 0 1 20
4114 0.6 -8.25001 0 0 1 21
4131 0.6 -8.30001 0 0 1 22
4148 0.6 -8.35001 0 0 1 0
4165 0.6 -8.40001 0 0 1 1
4182 0.6 -8.45001 0 0 1 2
4199 0.6 -8.50001 0 0 1 2
4216 0.6 -8.55001 0 0 1 3
4233 0.6 -8.60001 0 0 1 4
4250 0.6 -8.65001 0 0 1 5
4267 0.6 -8.70002 0 0 1 6
4284 0.6 -8.75002 0 0 1 7
4301 0.6 -8.80002 0 0 1 8
4318 0.6 -8.85002 0 0 1 8
