104
17 0.5 -0.5 0 0 1 0
34 0.5 -0.55 0 0 1 1
51 0.5 -0.6 0 0 1 2
68 0.5 -0.65 0 0 1 3
85 0.5 -0.7 0 0 1 4
102 0.5 -0.7 0 0 0 1
119 0.5 -0.7 0 0 0 1
136 0.5 -0.7 0 0 0 1
153 0.5 -0.7 0 0 0 1
170 0.5 -0.7 0 0 0 1
187 0.5 -0.7 0 0 0 1
204 0.5 -0.7 0 0 0 2
221 0.5 -0.7 0 0 0 2
238 0.5 -0.7 0 0 0 2
255 0.5 -0.7 0 0 0 2
272 0.5 -0.7 0 0 0 2
289 0.5 -0.7 0 0 0 2
306 0.5 -0.7 0 0 0 3
323 0.5 -0.7 0 0 0 3
340 0.5 -0.7 0 0 0 3
357 0.5 -0.7 0 0 0 3
374 0.5 -0.7 0 0 0 3
391 0.5 -0.7 0 0 0 3
408 0.5 -0.7 0 0 0 4
425 0.5 -0.7 0 0 0 4
442 0.5 -0.7 0 0 0 4
459 0.5 -0.7 0 0 0 4
476 0.5 -0.7 0 -5 1 0
493 0.5 -0.7 0 -10 1 1
510 0.5 -0.7 0 -15 1 2
527 0.5 -0.7 0 -20 1 3
544 0.5 -0.7 0 -25 1 4
561 0.5 -0.7 0 -30 1 5
578 0.5 -0.7 0 -35 1 5
595 0.5 -0.7 0 -40 1 6
612 0.5 -0.7 0 -45 1 7
629 0.5 -0.7 0 -50 1 8
646 0.5 -0.7 0 -55 1 9
663 0.5 -0.7 0 -60 1 10
680 0.5 -0.7 0 -65 1 11
697 0.5 -0.7 0 -65 0 6
714 0.5 -0.7 0 -65 0 7
731 0.5 -0.7 0 -65 0 7
748 0.5 -0.7 0 -65 0 7
765 0.5 -0.7 0 -65 0 7
782 0.5 -0.7 0 -65 0 7
799 0.5 -0.7 0 -65 0 7
816 0.5 -0.7 0 -65 0 8
833 0.5 -0.7 0 -65 0 8
850 0.5 -0.7 0 -65 0 8
867 0.5 -0.7 0 -65 0 8
884 0.5 -0.7 0 -65 0 8
901 0.5 -0.7 0 -65 0 9
918 0.5 -0.7 0 -65 0 9
935 0.5 -0.7 0 -65 0 9
952 0.5 -0.7 0 -65 0 9
969 0.5 -0.7 0 -65 0 9
986 0.5 -0.7 0 -65 0 9
1003 0.5 -0.7 0 -65 0 10
1020 0.5 -0.7 0 -65 0 10
1037 0.5 -0.7 0 -65 0 10
1054 0.5 -0.7 0 -65 0 10
1071 0.545315 -0.721131 0 -65 1 7
1088 0.590631 -0.742262 0 -65 1 8
1105 0.635946 -0.763393 0 -65 1 9
1122 0.681262 -0.784524 0 -65 1 10
1139 0.726577 -0.805655 0 -65 1 10
1156 0.771892 -0.826786 0 -65 1 11
1173 0.817208 -0.847916 0 -65 1 12
1190 0.862523 -0.869047 0 -65 1 13
1207 0.907838 -0.890178 0 -65 1 14
1224 0.953154 -0.911309 0 -65 1 15
1241 0.998469 -0.93244 0 -65 1 16
1258 1.04378 -0.953571 0 -65 1 16
1275 1.0891 -0.974702 0 -65 1 17
1292 1.13442 -0.995833 0 -65 1 18
1309 1.17973 -1.01696 0 -65 1 19
1326 1.22505 -1.03809 0 -65 1 20
1343 1.27036 -1.05923 0 -65 1 21
1360 1.31568 -1.08036 0 -65 1 22
1377 1.36099 -1.10149 0 -65 1 22
1394 1.42744 -1.0773 0 -65 1 0
1411 1.49388 -1.05312 0 -65 1 1
1428 1.56033 -1.02893 0 -65 1 2
1445 1.62678 -1.00475 0 -65 1 3
1462 1.69322 -0.980565 0 -65 1 4
1479 1.75967 -0.956381 0 -65 1 4
1496 1.82612 -0.932196 0 -65 1 5
1513 1.89256 -0.908012 0 -65 1 6
1530 1.95901 -0.883827 0 -65 1 7
1547 2.02546 -0.859643 0 -65 1 8
1564 2.0919 -0.835458 0 -65 1 9
1581 2.15835 -0.811274 0 -65 1 10
1598 2.22479 -0.787089 0 -65 1 10
1615 2.29124 -0.762905 0 -65 1 11
1632 2.35769 -0.738721 0 -65 1 12
1649 2.42413 -0.714536 0 -65 1 13
1666 2.49058 -0.690352 0 -65 1 14
1683 2.55703 -0.666167 0 -65 1 15
1700 2.62347 -0.641983 0 -65 1 16
1717 2.68992 -0.617798 0 -65 1 16
1734 2.75636 -0.593614 0 -65 1 17
1751 2.82281 -0.569429 0 -65 1 18
1768 2.88926 -0.545245 0 -65 1 19
