579
17 0.5 -0.55 0 0 1 0
34 0.5 -0.6 0 0 1 1
51 0.5 -0.65 0 0 1 2
68 0.5 -0.7 0 0 1 3
85 0.5 -0.75 0 0 1 4
102 0.5 -0.8 0 0 1 5
119 0.5 -0.85 0 0 1 5
136 0.5 -0.85 0 0 0 1
153 0.5 -0.85 0 0 0 1
170 0.5 -0.85 0 0 0 1
187 0.5 -0.85 0 0 0 1
204 0.5 -0.85 0 0 0 2
221 0.5 -0.85 0 0 0 2
238 0.5 -0.85 0 0 0 2
255 0.5 -0.85 0 0 0 2
272 0.5 -0.85 0 0 0 2
289 0.5 -0.85 0 0 0 2
306 0.5 -0.85 0 0 0 3
323 0.5 -0.85 0 0 0 3
340 0.5 -0.85 0 0 0 3
357 0.5 -0.85 0 0 0 3
374 0.5 -0.85 0 0 0 3
391 0.5 -0.85 0 0 0 3
408 0.5 -0.85 0 0 0 4
425 0.5 -0.85 0 0 0 4
442 0.5 -0.85 0 0 0 4
459 0.5 -0.85 0 0 0 4
476 0.5 -0.85 0 0 0 4
493 0.5 -0.85 0 0 0 4
510 0.5 -0.85 0 0 0 5
527 0.5 -0.85 0 0 0 5
544 0.5 -0.85 0 0 0 5
561 0.5 -0.85 0 0 0 5
578 0.5 -0.85 0 0 0 5
595 0.5 -0.85 0 0 0 5
612 0.5 -0.85 0 0 0 6
629 0.5 -0.9 0 0 1 8
646 0.5 -0.95 0 0 1 9
663 0.5 -1 0 0 1 10
680 0.5 -1.05 0 0 1 11
697 0.5 -1.1 0 0 1 11
714 0.5 -1.11 -0.3 0 3 23
731 0.5 -1.12 -0.3 0 3 24
748 0.5 -1.13 -0.3 0 3 24
765 0.5 -1.14 -0.3 0 3 25
782 0.5 -1.15 -0.3 0 3 26
799 0.5 -1.16 -0.3 0 3 26
816 0.5 -1.17 -0.3 0 3 27
833 0.5 -1.18 -0.3 0 3 27
850 0.5 -1.19 -0.3 0 3 28
867 0.5 -1.2 -0.3 0 3 28
884 0.5 -1.21 -0.3 0 3 29
901 0.5 -1.22 -0.3 0 3 30
918 0.5 -1.23 -0.3 0 3 30
935 0.5 -1.24 -0.3 0 3 0
952 0.5 -1.25 -0.3 0 3 0
969 0.5 -1.26 -0.3 0 3 1
986 0.5 -1.27 -0.3 0 3 1
1003 0.5 -1.28 -0.3 0 3 2
1020 0.5 -1.29 -0.3 0 3 3
1037 0.5 -1.3 -0.3 0 3 3
1054 0.5 -1.31 -0.3 0 3 4
1071 0.5 -1.32 -0.3 0 3 4
1088 0.5 -1.33 -0.3 0 3 5
1105 0.5 -1.34 -0.3 0 3 5
1122 0.5 -1.35 -0.3 0 3 6
1139 0.5 -1.36 -0.3 0 3 6
1156 0.5 -1.37 -0.3 0 3 7
1173 0.5 -1.38 -0.3 0 3 8
1190 0.5 -1.39 -0.3 0 3 8
1207 0.5 -1.4 -0.3 0 3 9
1224 0.5 -1.41 -0.3 0 3 9
1241 0.5 -1.42 -0.3 0 3 10
1258 0.5 -1.43 -0.3 0 3 10
1275 0.5 -1.44 -0.3 0 3 11
1292 0.5 -1.45 -0.3 0 3 12
1309 0.5 -1.46 -0.3 0 3 12
1326 0.5 -1.47 -0.3 0 3 13
1343 0.5 -1.48 -0.3 0 3 13
1360 0.5 -1.49 -0.3 0 3 14
1377 0.5 -1.5 -0.3 0 3 14
1394 0.5 -1.51 -0.3 0 3 15
1411 0.5 -1.52 -0.3 0 3 16
1428 0.5 -1.53 -0.3 0 3 16
1445 0.5 -1.54 -0.3 0 3 17
1462 0.5 -1.55 -0.3 0 3 17
1479 0.5 -1.56 -0.3 0 3 18
1496 0.5 -1.57 -0.3 0 3 18
1513 0.5 -1.58 -0.3 0 3 19
1530 0.5 -1.59 -0.3 0 3 20
1547 0.5 -1.6 -0.3 0 3 20
1564 0.5 -1.65 0 0 1 9
1581 0.5 -1.7 0 0 1 10
1598 0.5 -1.75 0 0 1 10
1615 0.5 -1.8 0 0 1 11
1632 0.5 -1.85 0 0 1 12
1649 0.5 -1.9 0 0 1 13
1666 0.5 -1.95 0 0 1 14
1683 0.5 -2 0 0 1 15
1700 0.5 -2.05 0 0 1 16
1717 0.5 -2.1 0 0 1 16
1734 0.5 -2.15 0 0 1 17
1751 0.5 -2.2 0 0 1 18
1768 0.5 -2.25 0 0 1 19
1785 0.5 -2.3 0 0 1 20
1802 0.5 -2.35 0 0 1 21
1819 0.5 -2.4 0 0 1 21
1836 0.5 -2.45 0 0 1 22
1853 0.5 -2.5 0 0 1 0
1870 0.5 -2.55 0 0 1 1
1887 0.5 -2.6 0 0 1 2
1904 0.5 -2.65 0 0 1 3
1921 0.5 -2.7 0 0 1 4
1938 0.5 -2.75 0.0495839 0 2 0
1955 0.5 -2.8 0.0963356 0 2 1
1972 0.5 -2.85 0.140255 0 2 2
1989 0.5 -2.9 0.181342 0 2 3
2006 0.5 -2.95 0.219597 0 2 4
2023 0.5 -3 0.25502 0 2 5
2040 0.5 -3.05 0.287611 0 2 6
2057 0.5 -3.1 0.31737 0 2 7
2074 0.5 -3.15 0.344296 0 2 8
2091 0.5 -3.2 0.36839 0 2 8
2108 0.5 -3.25 0.389652 0 2 9
2125 0.55 -3.3 0.408082 0 2 10
2142 0.6 -3.35 0.423679 0 2 11
2159 0.65 -3.4 0.436444 0 2 12
2176 0.7 -3.45 0.446377 0 2 13
2193 0.75 -3.5 0.453478 0 2 14
2210 0.8 -3.55 0.457747 0 2 15
2227 0.85 -3.6 0.459184 0 2 16
2244 0.9 -3.65 0.457788 0 2 16
2261 0.95 -3.7 0.45356 0 2 17
2278 0.95 -3.75 0.4465 0 2 18
2295 0.95 -3.8 0.436608 0 2 19
2312 0.95 -3.85 0.423883 0 2 20
2329 0.95 -3.9 0.408326 0 2 21
2346 0.95 -3.95 0.389938 0 2 22
2363 0.95 -4 0.368716 0 2 23
2380 0.95 -4.05 0.344663 0 2 24
2397 0.95 -4.1 0.317778 0 2 24
2414 0.95 -4.15 0.28806 0 2 25
2431 0.95 -4.2 0.25551 0 2 26
2448 0.95 -4.25 0.220128 0 2 27
2465 0.95 -4.3 0.181913 0 2 28
2482 0.95 -4.35 0.140867 0 2 29
2499 0.95 -4.4 0.0969883 0 2 30
2516 0.95 -4.45 0.0502774 0 2 31
2533 0.95 -4.5 0.000734329 0 2 32
2550 0.95 -4.55 0 0 1 12
2567 0.95 -4.6 0 0 1 13
2584 0.95 -4.65 0 0 1 14
2601 0.95 -4.7 0 0 1 15
2618 0.95 -4.75 0 0 1 15
2635 0.95 -4.8 0 0 1 16
2652 0.95 -4.85 0 0 1 17
2669 0.95 -4.9 0 0 1 18
2686 0.95 -4.95 0 0 1 19
2703 0.95 -5 0 0 1 20
2720 0.95 -5.05 0 0 1 21
2737 0.95 -5.1 0 0 1 21
2754 0.95 -5.15 0 0 1 22
2771 1 -5.2 0 0 1 0
2788 1.05 -5.25 0 0 1 1
2805 1.1 -5.3 0 0 1 2
2822 1.15 -5.35 0 0 1 3
2839 1.2 -5.4 0 0 1 3
2856 1.21 -5.41 -0.3 0 3 2
2873 1.21 -5.42 -0.3 0 3 2
2890 1.21 -5.43 -0.3 0 3 3
2907 1.21 -5.44 -0.3 0 3 3
2924 1.21 -5.45 -0.3 0 3 4
2941 1.21 -5.46 -0.3 0 3 5
2958 1.21 -5.47 -0.3 0 3 5
2975 1.21 -5.48 -0.3 0 3 6
2992 1.21 -5.49 -0.3 0 3 6
3009 1.21 -5.5 -0.3 0 3 7
3026 1.21 -5.51 -0.3 0 3 7
3043 1.21 -5.52001 -0.3 0 3 8
3060 1.21 -5.53001 -0.3 0 3 9
3077 1.21 -5.54001 -0.3 0 3 9
3094 1.21 -5.55001 -0.3 0 3 10
3111 1.21 -5.56001 -0.3 0 3 10
3128 1.21 -5.57001 -0.3 0 3 11
3145 1.21 -5.58001 -0.3 0 3 11
3162 1.21 -5.59001 -0.3 0 3 12
3179 1.21 -5.60001 -0.3 0 3 12
3196 1.21 -5.61001 -0.3 0 3 13
3213 1.21 -5.62001 -0.3 0 3 14
3230 1.21 -5.63001 -0.3 0 3 14
3247 1.21 -5.64001 -0.3 0 3 15
3264 1.21 -5.65001 -0.3 0 3 15
3281 1.21 -5.66001 -0.3 0 3 16
3298 1.21 -5.71001 0 0 1 3
3315 1.21 -5.76001 0 0 1 4
3332 1.21 -5.81001 0 0 1 5
3349 1.21 -5.86001 0 0 1 6
3366 1.21 -5.91001 0 0 1 7
3383 1.21 -5.96001 0 0 1 8
3400 1.21 -6.01001 0 0 1 9
3417 1.21 -6.06001 0 0 1 9
3434 1.21 -6.11001 0 0 1 10
3451 1.21 -6.16001 0 0 1 11
3468 1.21 -6.21001 0 0 1 12
3485 1.21 -6.26001 0 0 1 13
3502 1.21 -6.31001 0 0 1 14
3519 1.21 -6.36001 0 0 1 14
3536 1.21 -6.41001 0 0 1 15
3553 1.21 -6.41001 0 0 0 35
3570 1.21 -6.41001 0 0 0 35
3587 1.21 -6.41001 0 0 0 35
3604 1.21 -6.41001 0 0 0 36
3621 1.21 -6.41001 0 0 0 36
3638 1.21 -6.41001 0 0 0 36
3655 1.21 -6.41001 0 0 0 36
3672 1.21 -6.41001 0 0 0 36
3689 1.21 -6.41001 0 0 0 36
3706 1.21 -6.41001 0 0 0 37
3723 1.21 -6.41001 0 0 0 37
3740 1.21 -6.41001 0 0 0 37
3757 1.21 -6.41001 0 0 0 37
3774 1.21 -6.41001 0 0 0 37
3791 1.21 -6.41001 0 0 0 37
3808 1.21 -6.41001 0 0 0 38
3825 1.21 -6.41001 0 0 0 38
3842 1.21 -6.41001 0 0 0 38
3859 1.21 -6.41001 0 0 0 38
3876 1.21 -6.41001 0 0 0 38
3893 1.21 -6.41001 0 0 0 38
3910 1.21 -6.41001 0 0 0 39
3927 1.21 -6.41001 0 0 0 39
3944 1.21 -6.41001 0 0 0 39
3961 1.21 -6.41001 0 0 0 39
3978 1.21 -6.41001 0 0 0 39
3995 1.21 -6.41001 0 0 0 39
4012 1.21 -6.41001 0 0 0 40
4029 1.21 -6.41001 0 0 0 40
4046 1.21 -6.41001 0 0 0 40
4063 1.21 -6.41001 0 0 0 40
4080 1.21 -6.41001 0 0 0 40
4097 1.21 -6.41001 0 0 0 40
4114 1.21 -6.41001 0 0 0 0
4131 1.21 -6.41001 0 0 0 0
4148 1.21 -6.41001 0 0 0 0
4165 1.21 -6.41001 0 0 0 0
4182 1.21 -6.41001 0 0 0 0
4199 1.21 -6.41001 0 0 0 0
4216 1.21 -6.41001 0 0 0 1
4233 1.21 -6.41001 0 0 0 1
4250 1.21 -6.41001 0 0 0 1
4267 1.21 -6.41001 0 0 0 1
4284 1.21 -6.41001 0 0 0 1
4301 1.21 -6.41001 0 0 0 2
4318 1.21 -6.41001 0 0 0 2
4335 1.21 -6.41001 0 0 0 2
4352 1.21 -6.41001 0 0 0 2
4369 1.21 -6.41001 0 0 0 2
4386 1.21 -6.41001 0 0 0 2
4403 1.21 -6.41001 0 0 0 3
4420 1.21 -6.41001 0 0 0 3
4437 1.21 -6.41001 0 0 0 3
4454 1.21 -6.41001 0 0 0 3
4471 1.21 -6.41001 0 0 0 3
4488 1.21 -6.41001 0 0 0 3
4505 1.21 -6.41001 0 0 0 4
4522 1.21 -6.41001 0 0 0 4
4539 1.21 -6.41001 0 0 0 4
4556 1.21 -6.41001 0 0 0 4
4573 1.21 -6.41001 0 0 0 4
4590 1.21 -6.41001 0 0 0 4
4607 1.21 -6.41001 0 0 0 5
4624 1.21 -6.41001 0 0 0 5
4641 1.21 -6.41001 0 0 0 5
4658 1.21 -6.41001 0 0 0 5
4675 1.21 -6.41001 0 0 0 5
4692 1.21 -6.41001 0 0 0 5
4709 1.21 -6.41001 0 0 0 6
4726 1.21 -6.41001 0 0 0 6
4743 1.21 -6.41001 0 0 0 6
4760 1.21 -6.41001 0 0 0 6
4777 1.21 -6.41001 0 0 0 6
4794 1.21 -6.46001 0 0 1 9
4811 1.21 -6.51001 0 0 1 10
4828 1.21 -6.56001 0 0 1 11
4845 1.21 -6.61001 0 0 1 12
4862 1.21 -6.66001 0 0 1 13
4879 1.21 -6.71001 0 0 1 13
4896 1.21 -6.76001 0 0 1 14
4913 1.21 -6.81001 0 0 1 15
4930 1.21 -6.86001 0 0 1 16
4947 1.21 -6.91001 0 0 1 17
4964 1.21 -6.96001 0 0 1 18
4981 1.21 -7.01001 0 0 1 19
4998 1.21 -7.06001 0 0 1 19
5015 1.21 -7.11001 0 0 1 20
5032 1.21 -7.16001 0 0 1 21
5049 1.21 -7.21001 0 0 1 22
5066 1.21 -7.26001 0 0 1 0
5083 1.21 -7.31001 0 0 1 1
5100 1.21 -7.36001 0 0 1 2
5117 1.21 -7.41002 0.0495839 0 2 0
5134 1.21 -7.46002 0.0963356 0 2 1
5151 1.21 -7.51002 0.140255 0 2 2
5168 1.21 -7.56002 0.181342 0 2 3
5185 1.21 -7.61002 0.219597 0 2 4
5202 1.21 -7.66002 0.25502 0 2 5
5219 1.21 -7.71002 0.287611 0 2 6
5236 1.21 -7.76002 0.31737 0 2 7
5253 1.21 -7.81002 0.344296 0 2 8
5270 1.21 -7.86002 0.36839 0 2 8
5287 1.21 -7.91002 0.389652 0 2 9
5304 1.21 -7.96002 0.408082 0 2 10
5321 1.21 -8.01002 0.423679 0 2 11
5338 1.21 -8.06002 0.436444 0 2 12
5355 1.21 -8.11002 0.446377 0 2 13
5372 1.21 -8.16002 0.453478 0 2 14
5389 1.21 -8.21002 0.457747 0 2 15
5406 1.21 -8.26002 0.459184 0 2 16
5423 1.21 -8.31002 0.457788 0 2 16
5440 1.21 -8.36002 0.45356 0 2 17
5457 1.21 -8.41002 0.4465 0 2 18
5474 1.21 -8.46002 0.436608 0 2 19
5491 1.21 -8.51002 0.423883 0 2 20
5508 1.21 -8.56002 0.408326 0 2 21
5525 1.21 -8.61002 0.389938 0 2 22
5542 1.21 -8.66002 0.368716 0 2 23
5559 1.21 -8.71002 0.344663 0 2 24
5576 1.21 -8.76002 0.317778 0 2 24
5593 1.21 -8.81002 0.28806 0 2 25
5610 1.21 -8.86002 0.25551 0 2 26
5627 1.21 -8.91002 0.220128 0 2 27
5644 1.21 -8.96002 0.181913 0 2 28
5661 1.21 -9.01002 0.140867 0 2 29
5678 1.21 -9.06002 0.0969883 0 2 30
5695 1.21 -9.11002 0.0502774 0 2 31
5712 1.21 -9.16002 0.000734329 0 2 32
5729 1.21 -9.21002 0 0 1 10
5746 1.227 -9.21002 0 0 0 16
5763 1.244 -9.21002 0 0 0 16
5780 1.261 -9.21002 0 0 0 16
5797 1.278 -9.21002 0 0 0 16
5814 1.295 -9.21002 0 0 0 17
5831 1.312 -9.21002 0 0 0 17
5848 1.329 -9.21002 0 0 0 17
5865 1.346 -9.21002 0 0 0 17
5882 1.363 -9.21002 0 0 0 17
5899 1.38 -9.21002 0 0 0 17
5916 1.397 -9.21002 0 0 0 18
5933 1.414 -9.21002 0 0 0 18
5950 1.431 -9.21002 0 0 0 18
5967 1.448 -9.21002 0 0 0 18
5984 1.465 -9.21002 0 0 0 18
6001 1.482 -9.21002 0 0 0 19
6018 1.482 -9.27702 0 0 1 1
6035 1.482 -9.34402 0 0 1 2
6052 1.482 -9.41102 0 0 1 3
6069 1.482 -9.47802 0 0 1 4
6086 1.482 -9.54502 0 0 1 5
6103 1.482 -9.61202 0 0 1 6
6120 1.482 -9.62902 0 0 0 20
6137 1.482 -9.64602 0 0 0 20
6154 1.482 -9.66302 0 0 0 20
6171 1.482 -9.68003 0 0 0 20
6188 1.482 -9.69703 0 0 0 20
6205 1.482 -9.71403 0 0 0 21
6222 1.482 -9.73103 0 0 0 21
6239 1.482 -9.74803 0 0 0 21
6256 1.482 -9.76503 0 0 0 21
6273 1.482 -9.78203 0 0 0 21
6290 1.482 -9.79903 0 0 0 21
6307 1.482 -9.81603 0 0 0 22
6324 1.482 -9.83303 0 0 0 22
6341 1.482 -9.85003 0 0 0 22
6358 1.482 -9.86703 0 0 0 22
6375 1.482 -9.88403 0 0 0 22
6392 1.482 -9.90103 0 0 0 22
6409 1.482 -9.91803 0 0 0 23
6426 1.482 -9.93503 0 0 0 23
6443 1.482 -9.95203 0 0 0 23
6460 1.482 -9.96903 0 0 0 23
6477 1.482 -9.98603 0 0 0 23
6494 1.482 -10.003 0 0 0 23
6511 1.482 -10.02 0 0 0 24
6528 1.482 -10.037 0 0 0 24
6545 1.482 -10.054 0 0 0 24
6562 1.482 -10.071 0 0 0 24
6579 1.482 -10.088 0 0 0 24
6596 1.482 -10.105 0 0 0 24
6613 1.482 -10.122 0 0 0 25
6630 1.482 -10.139 0 0 0 25
6647 1.482 -10.156 0 0 0 25
6664 1.482 -10.173 0 0 0 25
6681 1.482 -10.19 0 0 0 25
6698 1.482 -10.207 0 0 0 25
6715 1.482 -10.224 0 0 0 26
6732 1.482 -10.241 0 0 0 26
6749 1.482 -10.258 0 0 0 26
6766 1.482 -10.275 0 0 0 26
6783 1.482 -10.292 0 0 0 26
6800 1.482 -10.309 0 0 0 27
6817 1.482 -10.326 0 0 0 27
6834 1.482 -10.343 0 0 0 27
6851 1.482 -10.36 0 0 0 27
6868 1.482 -10.377 0 0 0 27
6885 1.482 -10.394 0 0 0 27
6902 1.482 -10.411 0 0 0 28
6919 1.482 -10.428 0 0 0 28
6936 1.482 -10.445 0 0 0 28
6953 1.482 -10.462 0 0 0 28
6970 1.482 -10.479 0 0 0 28
6987 1.482 -10.496 0 0 0 28
7004 1.482 -10.513 0 0 0 29
7021 1.482 -10.53 0 0 0 29
7038 1.482 -10.547 0 0 0 29
7055 1.482 -10.564 0 0 0 29
7072 1.482 -10.581 0 0 0 29
7089 1.482 -10.598 0 0 0 29
7106 1.482 -10.615 0 0 0 30
7123 1.482 -10.632 0 0 0 30
7140 1.482 -10.649 0 0 0 30
7157 1.482 -10.666 0 0 0 30
7174 1.482 -10.683 0 0 0 30
7191 1.482 -10.7 0 0 0 30
7208 1.482 -10.717 0 0 0 31
7225 1.482 -10.734 0 0 0 31
7242 1.482 -10.751 0 0 0 31
7259 1.482 -10.768 0 0 0 31
7276 1.482 -10.785 0 0 0 31
7293 1.482 -10.802 0 0 0 31
7310 1.482 -10.819 0 0 0 32
7327 1.482 -10.836 0 0 0 32
7344 1.482 -10.853 0 0 0 32
7361 1.482 -10.87 0 0 0 32
7378 1.482 -10.887 0 0 0 32
7395 1.482 -10.904 0 0 0 32
7412 1.482 -10.921 0 0 0 33
7429 1.482 -10.938 0 0 0 33
7446 1.482 -10.955 0 0 0 33
7463 1.482 -10.972 0 0 0 33
7480 1.482 -10.989 0 0 0 33
7497 1.482 -11.006 0 0 0 33
7514 1.482 -11.023 0 0 0 34
7531 1.482 -11.04 0 0 0 34
7548 1.482 -11.057 0 0 0 34
7565 1.482 -11.074 0 0 0 34
7582 1.482 -11.091 0 0 0 34
7599 1.482 -11.108 0 0 0 34
7616 1.482 -11.125 0 0 0 35
7633 1.482 -11.142 0 0 0 35
7650 1.482 -11.159 0 0 0 35
7667 1.482 -11.176 0 0 0 35
7684 1.482 -11.193 0 0 0 35
7701 1.482 -11.21 0 0 0 36
7718 1.482 -11.227 0 0 0 36
7735 1.482 -11.244 0 0 0 36
7752 1.482 -11.261 0 0 0 36
7769 1.482 -11.278 0 0 0 36
7786 1.482 -11.295 0 0 0 36
7803 1.482 -11.312 0 0 0 37
7820 1.482 -11.329 0 0 0 37
7837 1.482 -11.346 0 0 0 37
7854 1.482 -11.363 0 0 0 37
7871 1.482 -11.38 0 0 0 37
7888 1.482 -11.397 0 0 0 37
7905 1.482 -11.414 0 0 0 38
7922 1.482 -11.431 0 0 0 38
7939 1.482 -11.448 0 0 0 38
7956 1.482 -11.465 0 0 0 38
7973 1.482 -11.482 0 0 0 38
7990 1.482 -11.499 0 0 0 38
8007 1.482 -11.516 0 0 0 39
8024 1.482 -11.533 0 0 0 39
8041 1.482 -11.55 0 0 0 39
8058 1.482 -11.567 0 0 0 39
8075 1.482 -11.584 0 0 0 39
8092 1.482 -11.601 0 0 0 39
8109 1.482 -11.618 0 0 0 40
8126 1.482 -11.635 0 0 0 40
8143 1.482 -11.652 0 0 0 40
8160 1.482 -11.669 0 0 0 40
8177 1.482 -11.686 0 0 0 40
8194 1.482 -11.703 0 0 0 40
8211 1.482 -11.72 0 0 0 0
8228 1.482 -11.737 0 0 0 0
8245 1.482 -11.754 0 0 0 0
8262 1.482 -11.771 0 0 0 0
8279 1.482 -11.788 0 0 0 0
8296 1.482 -11.805 0 0 0 0
8313 1.482 -11.8221 0 0 0 1
8330 1.482 -11.8391 0 0 0 1
8347 1.482 -11.8561 0 0 0 1
8364 1.482 -11.8731 0 0 0 1
8381 1.482 -11.8901 0 0 0 1
8398 1.482 -11.9071 0 0 0 1
8415 1.482 -11.9241 0 0 0 2
8432 1.482 -11.9411 0 0 0 2
8449 1.482 -11.9581 0 0 0 2
8466 1.482 -11.9751 0 0 0 2
8483 1.482 -11.9921 0 0 0 2
8500 1.482 -12.0091 0 0 0 3
8517 1.482 -12.0261 0 0 0 3
8534 1.482 -12.0431 0 0 0 3
8551 1.482 -12.0601 0 0 0 3
8568 1.482 -12.0771 0 0 0 3
8585 1.482 -12.0941 0 0 0 3
8602 1.482 -12.1111 0 0 0 4
8619 1.482 -12.1281 0 0 0 4
8636 1.482 -12.1451 0 0 0 4
8653 1.482 -12.1621 0 0 0 4
8670 1.482 -12.1791 0 0 0 4
8687 1.482 -12.1961 0 0 0 4
8704 1.482 -12.2131 0 0 0 5
8721 1.482 -12.2301 0 0 0 5
8738 1.482 -12.2471 0 0 0 5
8755 1.482 -12.2641 0 0 0 5
8772 1.482 -12.2811 0 0 0 5
8789 1.482 -12.2981 0 0 0 5
8806 1.482 -12.3151 0 0 0 6
8823 1.482 -12.3321 0 0 0 6
8840 1.482 -12.3491 0 0 0 6
8857 1.482 -12.3661 0 0 0 6
8874 1.482 -12.3831 0 0 0 6
8891 1.482 -12.4001 0 0 0 6
8908 1.482 -12.4171 0 0 0 7
8925 1.482 -12.4341 0 0 0 7
8942 1.482 -12.4511 0 0 0 7
8959 1.482 -12.4681 0 0 0 7
8976 1.482 -12.4851 0 0 0 7
8993 1.482 -12.5021 0 0 0 7
9010 1.482 -12.5191 0 0 0 8
9027 1.482 -12.5361 0 0 0 8
9044 1.482 -12.5531 0 0 0 8
9061 1.482 -12.5701 0 0 0 8
9078 1.482 -12.5871 0 0 0 8
9095 1.482 -12.6041 0 0 0 8
9112 1.482 -12.6211 0 0 0 9
9129 1.482 -12.6381 0 0 0 9
9146 1.482 -12.6551 0 0 0 9
9163 1.482 -12.6721 0 0 0 9
9180 1.482 -12.6891 0 0 0 9
9197 1.482 -12.7061 0 0 0 9
9214 1.482 -12.7231 0 0 0 10
9231 1.482 -12.7401 0 0 0 10
9248 1.482 -12.7571 0 0 0 10
9265 1.482 -12.7741 0 0 0 10
9282 1.482 -12.7911 0 0 0 10
9299 1.482 -12.8081 0 0 0 10
9316 1.482 -12.8251 0 0 0 11
9333 1.482 -12.8421 0 0 0 11
9350 1.482 -12.9091 0 0 1 7
9367 1.482 -12.9761 0 0 1 8
9384 1.482 -13.0431 0 0 1 9
9401 1.482 -13.1101 0 0 1 10
9418 1.482 -13.1771 0 0 1 10
9435 1.482 -13.2441 0 0 1 11
9452 1.482 -13.3111 0.0495839 0 2 0
9469 1.482 -13.3781 0.0963356 0 2 1
9486 1.482 -13.4451 0.140255 0 2 2
9503 1.482 -13.5121 0.181342 0 2 3
9520 1.482 -13.5791 0.219597 0 2 4
9537 1.482 -13.6461 0.25502 0 2 5
9554 1.482 -13.7131 0.287611 0 2 6
9571 1.482 -13.7801 0.31737 0 2 7
9588 1.482 -13.8471 0.344296 0 2 8
9605 1.482 -13.9141 0.36839 0 2 8
9622 1.482 -13.9811 0.389652 0 2 9
9639 1.482 -14.0481 0.408082 0 2 10
9656 1.482 -14.1151 0.423679 0 2 11
9673 1.482 -14.1821 0.436444 0 2 12
9690 1.482 -14.2491 0.446377 0 2 13
9707 1.482 -14.3161 0.453478 0 2 14
9724 1.482 -14.3831 0.457747 0 2 15
9741 1.482 -14.4501 0.459184 0 2 16
9758 1.482 -14.5171 0.457788 0 2 16
9775 1.482 -14.5841 0.45356 0 2 17
9792 1.482 -14.6511 0.4465 0 2 18
9809 1.482 -14.7181 0.436608 0 2 19
9826 1.482 -14.7851 0.423883 0 2 20
9843 1.482 -14.8521 0.408326 0 2 21
