1068
17 1.5 -0.5 0 0 1 0
34 1.5 -0.55 0 0 1 1
51 1.5 -0.6 0 0 1 2
68 1.5 -0.65 0 0 1 3
85 1.5 -0.7 0 0 1 4
102 1.5 -0.75 0 0 1 5
119 1.5 -0.8 0 0 1 5
136 1.5 -0.85 0 0 1 6
153 1.5 -0.9 0 0 1 7
170 1.5 -0.95 0 0 1 8
187 1.5 -1 0 0 1 9
204 1.5 -1.05 0 0 1 10
221 1.5 -1.05 0 0 0 2
238 1.5 -1.05 0 0 0 2
255 1.5 -1.05 0 0 0 2
272 1.5 -1.05 0 0 0 2
289 1.5 -1.05 0 0 0 2
306 1.5 -1.05 0 0 0 3
323 1.5 -1.05 0 0 0 3
340 1.5 -1.05 0 0 0 3
357 1.5 -1.05 0 0 0 3
374 1.5 -1.05 0 0 0 3
391 1.5 -1.05 0 0 0 3
408 1.5 -1.05 0 0 0 4
425 1.5 -1.05 0 0 0 4
442 1.5 -1.05 0 0 0 4
459 1.5 -1.05 0 0 0 4
476 1.5 -1.05 0 0 0 4
493 1.5 -1.05 0 0 0 4
510 1.5 -1.05 0 0 0 5
527 1.5 -1.05 0 0 0 5
544 1.5 -1.05 0 0 0 5
561 1.5 -1.05 0 0 0 5
578 1.5 -1.05 0 0 0 5
595 1.5 -1.05 0 0 0 5
612 1.5 -1.05 0 0 0 6
629 1.5 -1.05 0 0 0 6
646 1.5 -1.05 0 0 0 6
663 1.5 -1.1 0 0 1 10
680 1.5 -1.15 0 0 1 11
697 1.5 -1.2 0 0 1 11
714 1.5 -1.25 0 0 1 12
731 1.5 -1.3 0 0 1 13
748 1.5 -1.35 0 0 1 14
765 1.5 -1.4 0 0 1 15
782 1.5 -1.45 0 0 1 16
799 1.5 -1.5 0 0 1 16
816 1.5 -1.5 0 0 0 8
833 1.5 -1.5 0 0 0 8
850 1.5 -1.5 0 0 0 8
867 1.5 -1.5 0 0 0 8
884 1.5 -1.5 0 0 0 8
901 1.5 -1.5 0 0 0 9
918 1.5 -1.5 0 0 0 9
935 1.5 -1.5 0 0 0 9
952 1.5 -1.5 0 0 0 9
969 1.5 -1.5 0 0 0 9
986 1.5 -1.5 0 0 0 9
1003 1.5 -1.5 0 0 0 10
1020 1.5 -1.5 0 0 0 10
1037 1.5 -1.5 0 0 0 10
1054 1.5 -1.5 0 0 0 10
1071 1.5 -1.5 0 0 0 10
1088 1.5 -1.5 0 0 0 10
1105 1.5 -1.5 0 0 0 11
1122 1.5 -1.5 0 0 0 11
1139 1.5 -1.5 0 0 0 11
1156 1.5 -1.55 0 0 1 11
1173 1.5 -1.6 0 0 1 12
1190 1.5 -1.65 0 0 1 13
1207 1.5 -1.7 0 0 1 14
1224 1.5 -1.75 0 0 1 15
1241 1.5 -1.8 0 0 1 16
1258 1.5 -1.85 0 0 1 16
1275 1.45 -1.9 0 0 1 17
1292 1.4 -1.9 0 0 1 18
1309 1.35 -1.9 0 0 1 19
1326 1.3 -1.9 0 0 1 20
1343 1.25 -1.9 0 0 1 21
1360 1.2 -1.9 0 0 1 22
1377 1.15 -1.9 0 0 1 22
1394 1.1 -1.9 0 0 1 0
1411 1.05 -1.9 0 0 1 1
1428 1 -1.9 0 0 1 2
1445 0.95 -1.9 0 0 1 3
1462 0.9 -1.9 0 0 1 4
1479 0.85 -1.9 0 0 1 4
1496 0.8 -1.95 0 0 1 5
1513 0.8 -2 0 0 1 6
1530 0.8 -2.05 0 0 1 7
1547 0.8 -2.1 0 0 1 8
1564 0.8 -2.15 0 0 1 9
1581 0.8 -2.2 0 0 1 10
1598 0.8 -2.25 0 0 1 10
1615 0.8 -2.3 0 0 1 11
1632 0.8 -2.35 0 0 1 12
1649 0.8 -2.4 0 0 1 13
1666 0.8 -2.45 0 0 1 14
1683 0.8 -2.5 0 0 1 15
1700 0.8 -2.55 0 0 1 16
1717 0.8 -2.6 0 0 1 16
1734 0.8 -2.65 0 0 1 17
1751 0.8 -2.7 0 0 1 18
1768 0.8 -2.75 0 0 1 19
1785 0.8 -2.8 0 0 1 20
1802 0.85 -2.85 0 0 1 21
1819 0.85 -2.9 0 0 1 21
1836 0.85 -2.95 0 0 1 22
1853 0.85 -3 0 0 1 0
1870 0.85 -3.05 0 0 1 1
1887 0.85 -3.1 0 0 1 2
1904 0.85 -3.15 0 0 1 3
1921 0.85 -3.2 0 0 1 4
1938 0.85 -3.25 0 0 1 4
1955 0.85 -3.3 0 0 1 5
1972 0.85 -3.35 0 0 1 6
1989 0.85 -3.4 0 0 1 7
2006 0.85 -3.45 0 0 1 8
2023 0.85 -3.5 0 0 1 9
2040 0.85 -3.55 0 0 1 10
2057 0.85 -3.6 0 0 1 10
2074 0.85 -3.65 0.0495839 0 2 0
2091 0.85 -3.7 0.0963356 0 2 1
2108 0.85 -3.75 0.140255 0 2 2
2125 0.85 -3.8 0.181342 0 2 3
2142 0.85 -3.85 0.219597 0 2 4
2159 0.85 -3.9 0.25502 0 2 5
2176 0.85 -3.95 0.287611 0 2 6
2193 0.85 -4 0.31737 0 2 7
2210 0.85 -4.05 0.344296 0 2 8
2227 0.85 -4.1 0.36839 0 2 8
2244 0.85 -4.15 0.389652 0 2 9
2261 0.85 -4.2 0.408082 0 2 10
2278 0.85 -4.25 0.423679 0 2 11
2295 0.85 -4.3 0.436444 0 2 12
2312 0.85 -4.35 0.446377 0 2 13
2329 0.85 -4.4 0.453478 0 2 14
2346 0.85 -4.45 0.457747 0 2 15
2363 0.85 -4.5 0.459184 0 2 16
2380 0.85 -4.55 0.457788 0 2 16
2397 0.85 -4.6 0.45356 0 2 17
2414 0.85 -4.65 0.4465 0 2 18
2431 0.85 -4.7 0.436608 0 2 19
2448 0.85 -4.75 0.423883 0 2 20
2465 0.85 -4.8 0.408326 0 2 21
2482 0.85 -4.85 0.389938 0 2 22
2499 0.85 -4.9 0.368716 0 2 23
2516 0.85 -4.95 0.344663 0 2 24
2533 0.85 -5 0.317778 0 2 24
2550 0.85 -5.05 0.28806 0 2 25
2567 0.85 -5.1 0.25551 0 2 26
2584 0.85 -5.15 0.220128 0 2 27
2601 0.85 -5.2 0.181913 0 2 28
2618 0.85 -5.25 0.140867 0 2 29
2635 0.85 -5.3 0.0969883 0 2 30
2652 0.85 -5.35 0.0502774 0 2 31
2669 0.85 -5.4 0.000734329 0 2 32
2686 0.85 -5.45 0 0 1 19
2703 0.85 -5.5 0 0 1 20
2720 0.85 -5.55 0 0 1 21
2737 0.85 -5.6 0 0 1 21
2754 0.85 -5.65 0 0 1 22
2771 0.85 -5.7 0 0 1 0
2788 0.85 -5.75 0 0 1 1
2805 0.85 -5.8 0 0 1 2
2822 0.85 -5.85 0 0 1 3
2839 0.85 -5.9 0 0 1 3
2856 0.85 -5.95 0 0 1 4
2873 0.85 -6 0 0 1 5
2890 0.85 -6.05 0 0 1 6
2907 0.85 -6.10001 0 0 1 7
2924 0.85 -6.15001 0 0 1 8
2941 0.85 -6.20001 0 0 1 9
2958 0.85 -6.25001 0 0 1 9
2975 0.85 -6.30001 0 0 1 10
2992 0.85 -6.35001 0 0 1 11
3009 0.85 -6.40001 0 0 1 12
3026 0.85 -6.45001 0 0 1 13
3043 0.85 -6.50001 0 0 1 14
3060 0.85 -6.55001 0 0 1 15
3077 0.85 -6.60001 0 0 1 15
3094 0.85 -6.65001 0 0 1 16
3111 0.85 -6.70001 0 0 1 17
3128 0.85 -6.75001 0 0 1 18
3145 0.85 -6.80001 0 0 1 19
3162 0.85 -6.85001 0 0 1 20
3179 0.85 -6.90001 0 0 1 20
3196 0.85 -6.95001 0 0 1 21
3213 0.85 -6.96001 -0.3 0 3 14
3230 0.85 -6.97001 -0.3 0 3 14
3247 0.85 -6.98001 -0.3 0 3 15
3264 0.85 -6.99001 -0.3 0 3 15
3281 0.85 -7.00001 -0.3 0 3 16
3298 0.85 -7.01001 -0.3 0 3 16
3315 0.85 -7.02001 -0.3 0 3 17
3332 0.85 -7.03001 -0.3 0 3 18
3349 0.85 -7.04001 -0.3 0 3 18
3366 0.85 -7.05001 -0.3 0 3 19
3383 0.85 -7.06001 -0.3 0 3 19
3400 0.85 -7.07001 -0.3 0 3 20
3417 0.85 -7.08001 -0.3 0 3 20
3434 0.85 -7.09001 -0.3 0 3 21
3451 0.85 -7.10001 -0.3 0 3 22
3468 0.85 -7.11001 -0.3 0 3 22
3485 0.85 -7.12001 -0.3 0 3 23
3502 0.85 -7.13001 -0.3 0 3 23
3519 0.85 -7.14001 -0.3 0 3 24
3536 0.85 -7.15001 -0.3 0 3 24
3553 0.85 -7.16001 -0.3 0 3 25
3570 0.85 -7.17001 -0.3 0 3 26
3587 0.85 -7.18001 -0.3 0 3 26
3604 0.85 -7.19001 -0.3 0 3 27
3621 0.85 -7.20001 -0.3 0 3 27
3638 0.85 -7.21001 -0.3 0 3 28
3655 0.85 -7.22001 -0.3 0 3 28
3672 0.85 -7.23001 -0.3 0 3 29
3689 0.85 -7.24002 -0.3 0 3 29
3706 0.85 -7.25002 -0.3 0 3 30
3723 0.85 -7.26002 -0.3 0 3 0
3740 0.85 -7.27002 -0.3 0 3 0
3757 0.85 -7.28002 -0.3 0 3 1
3774 0.85 -7.29002 -0.3 0 3 1
3791 0.85 -7.30002 -0.3 0 3 2
3808 0.85 -7.35002 0 0 1 6
3825 0.85 -7.40002 0 0 1 7
3842 0.85 -7.45002 0 0 1 8
3859 0.85 -7.50002 0 0 1 8
3876 0.85 -7.55002 0 0 1 9
3893 0.85 -7.60002 0 0 1 10
3910 0.85 -7.65002 0 0 1 11
3927 0.85 -7.70002 0 0 1 12
3944 0.85 -7.75002 0 0 1 13
3961 0.85 -7.80002 0 0 1 14
3978 0.85 -7.85002 0 0 1 14
3995 0.85 -7.90002 0 0 1 15
4012 0.85 -7.95002 0 0 1 16
4029 0.85 -8.00002 0 0 1 17
4046 0.85 -8.05002 0 0 1 18
4063 0.85 -8.10002 0 0 1 19
4080 0.85 -8.15002 0 0 1 20
4097 0.85 -8.20002 0 0 1 20
4114 0.85 -8.25002 0 0 1 21
4131 0.85 -8.30002 0 0 1 22
4148 0.85 -8.35002 0 0 1 0
4165 0.85 -8.40002 0 0 1 1
4182 0.85 -8.45002 0 0 1 2
4199 0.85 -8.50002 0 0 1 2
4216 0.85 -8.55002 0 0 1 3
4233 0.85 -8.60002 0 0 1 4
4250 0.85 -8.65002 0 0 1 5
4267 0.85 -8.70002 0 0 1 6
4284 0.85 -8.75002 0 0 1 7
4301 0.85 -8.80002 0 0 1 8
4318 0.85 -8.85002 0 0 1 8
4335 0.85 -8.90002 0 0 1 9
4352 0.85 -8.95002 0 0 1 10
4369 0.85 -9.00002 0 0 1 11
4386 0.85 -9.05002 0 0 1 12
4403 0.85 -9.10002 0 0 1 13
4420 0.85 -9.15002 0.0495839 0 2 0
4437 0.85 -9.20002 0.0963356 0 2 1
4454 0.85 -9.25002 0.140255 0 2 2
4471 0.85 -9.30002 0.181342 0 2 3
4488 0.85 -9.35002 0.219597 0 2 4
4505 0.85 -9.40002 0.25502 0 2 5
4522 0.85 -9.45002 0.287611 0 2 6
4539 0.85 -9.50002 0.31737 0 2 7
4556 0.85 -9.55002 0.344296 0 2 8
4573 0.85 -9.60003 0.36839 0 2 8
4590 0.85 -9.65003 0.389652 0 2 9
4607 0.85 -9.70003 0.408082 0 2 10
4624 0.85 -9.75003 0.423679 0 2 11
4641 0.85 -9.80003 0.436444 0 2 12
4658 0.85 -9.85003 0.446377 0 2 13
4675 0.85 -9.90003 0.453478 0 2 14
4692 0.85 -9.95003 0.457747 0 2 15
4709 0.85 -10 0.459184 0 2 16
4726 0.85 -10.05 0.457788 0 2 16
4743 0.85 -10.1 0.45356 0 2 17
4760 0.85 -10.15 0.4465 0 2 18
4777 0.85 -10.2 0.436608 0 2 19
4794 0.85 -10.25 0.423883 0 2 20
4811 0.85 -10.3 0.408326 0 2 21
4828 0.85 -10.35 0.389938 0 2 22
4845 0.85 -10.4 0.368716 0 2 23
4862 0.85 -10.45 0.344663 0 2 24
4879 0.85 -10.5 0.317778 0 2 24
4896 0.85 -10.55 0.28806 0 2 25
4913 0.85 -10.6 0.25551 0 2 26
4930 0.85 -10.65 0.220128 0 2 27
4947 0.85 -10.7 0.181913 0 2 28
4964 0.85 -10.75 0.140867 0 2 29
4981 0.85 -10.8 0.0969883 0 2 30
4998 0.85 -10.85 0.0502774 0 2 31
5015 0.85 -10.9 0.000734329 0 2 32
5032 0.85 -10.95 0 0 1 21
5049 0.85 -11 0 0 1 22
5066 0.85 -11.05 0 0 1 0
5083 0.85 -11.1 0 0 1 1
5100 0.85 -11.15 0 0 1 2
5117 0.85 -11.2 0 0 1 2
5134 0.85 -11.25 0 0 1 3
5151 0.85 -11.3 0 0 1 4
5168 0.85 -11.35 0 0 1 5
5185 0.85 -11.4 0 0 1 6
5202 0.85 -11.45 0 0 1 7
5219 0.85 -11.5 0 0 1 7
5236 0.85 -11.55 0 0 1 8
5253 0.85 -11.6 0 0 1 9
5270 0.85 -11.65 0 0 1 10
5287 0.85 -11.7 0 0 1 11
5304 0.85 -11.75 0 0 1 12
5321 0.85 -11.8 0 0 1 13
5338 0.85 -11.85 0 0 1 13
5355 0.85 -11.9 0 0 1 14
5372 0.85 -11.95 0 0 1 15
5389 0.85 -12 0 0 1 16
5406 0.85 -12.05 0 0 1 17
5423 0.85 -12.1 0 0 1 18
5440 0.85 -12.15 0 0 1 19
5457 0.85 -12.2 0 0 1 19
5474 0.85 -12.25 0 0 1 20
5491 0.85 -12.3 0 0 1 21
5508 0.85 -12.35 0 0 1 22
5525 0.85 -12.4 0 0 1 0
5542 0.85 -12.41 -0.3 0 3 29
5559 0.85 -12.42 -0.3 0 3 30
5576 0.85 -12.43 -0.3 0 3 30
5593 0.85 -12.44 -0.3 0 3 0
5610 0.85 -12.45 -0.3 0 3 1
5627 0.85 -12.46 -0.3 0 3 1
5644 0.85 -12.47 -0.3 0 3 2
5661 0.85 -12.48 -0.3 0 3 2
5678 0.85 -12.49 -0.3 0 3 3
5695 0.85 -12.5 -0.3 0 3 3
5712 0.85 -12.51 -0.3 0 3 4
5729 0.85 -12.52 -0.3 0 3 4
5746 0.85 -12.53 -0.3 0 3 5
5763 0.85 -12.54 -0.3 0 3 6
5780 0.85 -12.55 -0.3 0 3 6
5797 0.85 -12.56 -0.3 0 3 7
5814 0.85 -12.57 -0.3 0 3 7
5831 0.85 -12.58 -0.3 0 3 8
5848 0.85 -12.59 -0.3 0 3 8
5865 0.85 -12.6 -0.3 0 3 9
5882 0.85 -12.61 -0.3 0 3 10
5899 0.85 -12.62 -0.3 0 3 10
5916 0.85 -12.63 -0.3 0 3 11
5933 0.85 -12.64 -0.3 0 3 11
5950 0.85 -12.65 -0.3 0 3 12
5967 0.85 -12.66 -0.3 0 3 12
5984 0.85 -12.67 -0.3 0 3 13
6001 0.85 -12.68 -0.3 0 3 14
6018 0.85 -12.69 -0.3 0 3 14
6035 0.85 -12.7 -0.3 0 3 15
6052 0.85 -12.71 -0.3 0 3 15
6069 0.85 -12.72 -0.3 0 3 16
6086 0.85 -12.73 -0.3 0 3 16
6103 0.85 -12.74 -0.3 0 3 17
6120 0.85 -12.75 -0.3 0 3 18
6137 0.85 -12.76 -0.3 0 3 18
6154 0.85 -12.81 0 0 1 8
6171 0.85 -12.86 0 0 1 9
6188 0.85 -12.91 0 0 1 10
6205 0.85 -12.96 0 0 1 11
6222 0.85 -13.01 0 0 1 12
6239 0.85 -13.06 0 0 1 12
6256 0.85 -13.11 0 0 1 13
6273 0.85 -13.16 0 0 1 14
6290 0.85 -13.21 0 0 1 15
6307 0.85 -13.26 0 0 1 16
6324 0.85 -13.31 0 0 1 17
6341 0.85 -13.36 0 0 1 18
6358 0.85 -13.41 0 0 1 18
6375 0.85 -13.46 0 0 1 19
6392 0.85 -13.51 0 0 1 20
6409 0.85 -13.56 0 0 1 21
6426 0.85 -13.61 0 0 1 22
6443 0.85 -13.66 0 0 1 0
6460 0.85 -13.71 0 0 1 1
6477 0.85 -13.76 0 0 1 1
6494 0.85 -13.81 0 0 1 2
6511 0.85 -13.86 0 0 1 3
6528 0.85 -13.91 0 0 1 4
6545 0.85 -13.96 0 0 1 5
6562 0.85 -14.01 0 0 1 6
6579 0.85 -14.06 0 0 1 6
6596 0.85 -14.11 0 0 1 7
6613 0.85 -14.16 0 0 1 8
6630 0.85 -14.21 0 0 1 9
6647 0.85 -14.26 0 0 1 10
6664 0.85 -14.3101 0 0 1 11
6681 0.85 -14.3601 0.0495839 0 2 0
6698 0.85 -14.4101 0.0963356 0 2 1
6715 0.85 -14.4601 0.140255 0 2 2
6732 0.85 -14.5101 0.181342 0 2 3
6749 0.85 -14.5601 0.219597 0 2 4
6766 0.85 -14.6101 0.25502 0 2 5
6783 0.85 -14.6601 0.287611 0 2 6
6800 0.85 -14.7101 0.31737 0 2 7
6817 0.85 -14.7601 0.344296 0 2 8
6834 0.85 -14.8101 0.36839 0 2 8
6851 0.85 -14.8601 0.389652 0 2 9
6868 0.85 -14.9101 0.408082 0 2 10
6885 0.85 -14.9601 0.423679 0 2 11
6902 0.85 -15.0101 0.436444 0 2 12
6919 0.85 -15.0601 0.446377 0 2 13
6936 0.85 -15.1101 0.453478 0 2 14
6953 0.85 -15.1601 0.457747 0 2 15
6970 0.85 -15.2101 0.459184 0 2 16
6987 0.85 -15.2601 0.457788 0 2 16
7004 0.85 -15.3101 0.45356 0 2 17
7021 0.85 -15.3601 0.4465 0 2 18
7038 0.85 -15.4101 0.436608 0 2 19
7055 0.85 -15.4601 0.423883 0 2 20
7072 0.85 -15.5101 0.408326 0 2 21
7089 0.85 -15.5601 0.389938 0 2 22
7106 0.85 -15.6101 0.368716 0 2 23
7123 0.85 -15.6601 0.344663 0 2 24
7140 0.85 -15.7101 0.317778 0 2 24
7157 0.85 -15.7601 0.28806 0 2 25
7174 0.85 -15.8101 0.25551 0 2 26
7191 0.85 -15.8601 0.220128 0 2 27
7208 0.85 -15.9101 0.181913 0 2 28
7225 0.85 -15.9601 0.140867 0 2 29
7242 0.85 -16.0101 0.0969883 0 2 30
7259 0.85 -16.0601 0.0502774 0 2 31
7276 0.85 -16.1101 0.000734329 0 2 32
7293 0.85 -16.1601 0 0 1 19
7310 0.85 -16.2101 0 0 1 20
7327 0.85 -16.2601 0 0 1 21
7344 0.85 -16.3101 0 0 1 22
7361 0.85 -16.3601 0 0 1 0
7378 0.85 -16.41 0 0 1 0
7395 0.85 -16.46 0 0 1 1
7412 0.85 -16.51 0 0 1 2
7429 0.85 -16.56 0 0 1 3
7446 0.85 -16.61 0 0 1 4
7463 0.85 -16.66 0 0 1 5
7480 0.85 -16.71 0 0 1 6
7497 0.85 -16.76 0 0 1 6
7514 0.85 -16.81 0 0 1 7
7531 0.85 -16.86 0 0 1 8
7548 0.85 -16.91 0 0 1 9
7565 0.85 -16.96 0 0 1 10
7582 0.85 -17.01 0 0 1 11
7599 0.85 -17.06 0 0 1 11
7616 0.85 -17.11 0 0 1 12
7633 0.85 -17.16 0 0 1 13
7650 0.85 -17.21 0 0 1 14
7667 0.85 -17.26 0 0 1 15
7684 0.85 -17.31 0 0 1 16
7701 0.85 -17.36 0 0 1 17
7718 0.85 -17.41 0 0 1 17
7735 0.85 -17.42 -0.3 0 3 9
7752 0.85 -17.43 -0.3 0 3 10
7769 0.85 -17.44 -0.3 0 3 10
7786 0.85 -17.45 -0.3 0 3 11
7803 0.85 -17.46 -0.3 0 3 12
7820 0.85 -17.47 -0.3 0 3 12
7837 0.85 -17.48 -0.3 0 3 13
7854 0.85 -17.49 -0.3 0 3 13
7871 0.85 -17.5 -0.3 0 3 14
7888 0.85 -17.51 -0.3 0 3 14
7905 0.85 -17.52 -0.3 0 3 15
7922 0.85 -17.53 -0.3 0 3 16
7939 0.85 -17.54 -0.3 0 3 16
7956 0.85 -17.55 -0.3 0 3 17
7973 0.85 -17.56 -0.3 0 3 17
7990 0.85 -17.57 -0.3 0 3 18
8007 0.85 -17.58 -0.3 0 3 18
8024 0.85 -17.59 -0.3 0 3 19
8041 0.85 -17.6 -0.3 0 3 20
8058 0.85 -17.61 -0.3 0 3 20
8075 0.85 -17.62 -0.3 0 3 21
8092 0.85 -17.63 -0.3 0 3 21
8109 0.85 -17.64 -0.3 0 3 22
8126 0.85 -17.65 -0.3 0 3 22
8143 0.85 -17.66 -0.3 0 3 23
8160 0.85 -17.67 -0.3 0 3 24
8177 0.85 -17.68 -0.3 0 3 24
8194 0.85 -17.69 -0.3 0 3 25
8211 0.85 -17.7 -0.3 0 3 25
8228 0.85 -17.71 -0.3 0 3 26
8245 0.85 -17.72 -0.3 0 3 26
8262 0.85 -17.73 -0.3 0 3 27
8279 0.85 -17.74 -0.3 0 3 27
8296 0.85 -17.75 -0.3 0 3 28
8313 0.85 -17.76 -0.3 0 3 29
8330 0.85 -17.77 -0.3 0 3 29
8347 0.85 -17.78 -0.3 0 3 30
8364 0.85 -17.79 -0.3 0 3 30
8381 0.85 -17.8 -0.3 0 3 0
8398 0.85 -17.81 -0.3 0 3 0
8415 0.85 -17.82 -0.3 0 3 1
8432 0.85 -17.83 -0.3 0 3 2
8449 0.85 -17.84 -0.3 0 3 2
8466 0.85 -17.85 -0.3 0 3 3
8483 0.85 -17.86 -0.3 0 3 3
8500 0.85 -17.87 -0.3 0 3 4
8517 0.85 -17.88 -0.3 0 3 4
8534 0.85 -17.89 -0.3 0 3 5
8551 0.85 -17.9 -0.3 0 3 6
8568 0.85 -17.91 -0.3 0 3 6
8585 0.85 -17.92 -0.3 0 3 7
8602 0.85 -17.97 0 0 1 16
8619 0.85 -18.02 0 0 1 16
8636 0.85 -18.07 0 0 1 17
8653 0.85 -18.12 0 0 1 18
8670 0.85 -18.17 0 0 1 19
8687 0.85 -18.22 0 0 1 20
8704 0.85 -18.27 0 0 1 21
8721 0.85 -18.32 0 0 1 22
8738 0.85 -18.37 0 0 1 22
8755 0.85 -18.42 0 0 1 0
8772 0.85 -18.47 0 0 1 1
8789 0.85 -18.52 0 0 1 2
8806 0.85 -18.57 0 0 1 3
8823 0.85 -18.62 0 0 1 4
8840 0.85 -18.67 0 0 1 5
8857 0.85 -18.72 0 0 1 5
8874 0.85 -18.77 0 0 1 6
8891 0.85 -18.82 0 0 1 7
8908 0.85 -18.87 0 0 1 8
8925 0.85 -18.92 0 0 1 9
8942 0.85 -18.97 0 0 1 10
8959 0.85 -19.02 0 0 1 10
8976 0.85 -19.07 0 0 1 11
8993 0.85 -19.12 0 0 1 12
9010 0.85 -19.17 0.0495839 0 2 0
9027 0.85 -19.22 0.0963356 0 2 1
9044 0.85 -19.27 0.140255 0 2 2
9061 0.85 -19.32 0.181342 0 2 3
9078 0.85 -19.37 0.219597 0 2 4
9095 0.85 -19.42 0.25502 0 2 5
9112 0.85 -19.47 0.287611 0 2 6
9129 0.85 -19.52 0.31737 0 2 7
9146 0.85 -19.57 0.344296 0 2 8
9163 0.85 -19.62 0.36839 0 2 8
9180 0.85 -19.67 0.389652 0 2 9
9197 0.85 -19.72 0.408082 0 2 10
9214 0.85 -19.77 0.423679 0 2 11
9231 0.85 -19.82 0.436444 0 2 12
9248 0.85 -19.87 0.446377 0 2 13
9265 0.85 -19.92 0.453478 0 2 14
9282 0.85 -19.97 0.457747 0 2 15
9299 0.85 -20.02 0.459184 0 2 16
9316 0.85 -20.07 0.457788 0 2 16
9333 0.85 -20.12 0.45356 0 2 17
9350 0.85 -20.17 0.4465 0 2 18
9367 0.85 -20.22 0.436608 0 2 19
9384 0.85 -20.27 0.423883 0 2 20
9401 0.85 -20.32 0.408326 0 2 21
9418 0.85 -20.37 0.389938 0 2 22
9435 0.85 -20.42 0.368716 0 2 23
9452 0.85 -20.47 0.344663 0 2 24
9469 0.85 -20.52 0.317778 0 2 24
9486 0.85 -20.57 0.28806 0 2 25
9503 0.85 -20.62 0.25551 0 2 26
9520 0.85 -20.67 0.220128 0 2 27
9537 0.85 -20.72 0.181913 0 2 28
9554 0.85 -20.77 0.140867 0 2 29
9571 0.85 -20.82 0.0969883 0 2 30
9588 0.85 -20.87 0.0502774 0 2 31
9605 0.85 -20.92 0.000734329 0 2 32
9622 0.85 -20.97 0 0 1 21
9639 0.85 -21.02 0 0 1 21
9656 0.85 -21.07 0 0 1 22
9673 0.85 -21.12 0 0 1 0
9690 0.85 -21.17 0 0 1 1
9707 0.85 -21.22 0 0 1 2
9724 0.85 -21.27 0 0 1 3
9741 0.85 -21.32 0 0 1 4
9758 0.85 -21.37 0 0 1 4
9775 0.85 -21.42 0 0 1 5
9792 0.85 -21.47 0 0 1 6
9809 0.85 -21.52 0 0 1 7
9826 0.85 -21.57 0 0 1 8
9843 0.85 -21.62 0 0 1 9
9860 0.85 -21.67 0 0 1 10
9877 0.85 -21.72 0 0 1 10
9894 0.85 -21.77 0 0 1 11
9911 0.85 -21.82 0 0 1 12
9928 0.85 -21.87 0 0 1 13
9945 0.85 -21.92 0 0 1 14
9962 0.85 -21.97 0 0 1 15
9979 0.85 -22.02 0 0 1 15
9996 0.85 -22.07 0 0 1 16
10013 0.85 -22.12 0 0 1 17
10030 0.85 -22.17 0 0 1 18
10047 0.85 -22.22 0 0 1 19
10064 0.85 -22.27 0 0 1 20
10081 0.85 -22.32 0 0 1 21
10098 0.85 -22.37 0 0 1 21
10115 0.85 -22.42 0 0 1 22
10132 0.85 -22.47 0 0 1 0
10149 0.85 -22.52 0 0 1 1
10166 0.85 -22.57 0 0 1 2
10183 0.85 -22.62 0 0 1 3
10200 0.85 -22.67 0 0 1 4
10217 0.85 -22.72 0 0 1 4
10234 0.85 -22.77 0 0 1 5
10251 0.85 -22.82 0 0 1 6
10268 0.85 -22.87 0 0 1 7
10285 0.85 -22.88 -0.3 0 3 1
10302 0.85 -22.89 -0.3 0 3 2
10319 0.85 -22.9 -0.3 0 3 2
10336 0.85 -22.91 -0.3 0 3 3
10353 0.85 -22.92 -0.3 0 3 4
10370 0.85 -22.93 -0.3 0 3 4
10387 0.85 -22.94 -0.3 0 3 5
10404 0.85 -22.95 -0.3 0 3 5
10421 0.85 -22.96 -0.3 0 3 6
10438 0.85 -22.97 -0.3 0 3 6
10455 0.85 -22.98 -0.3 0 3 7
10472 0.85 -22.99 -0.3 0 3 8
10489 0.85 -23 -0.3 0 3 8
10506 0.85 -23.01 -0.3 0 3 9
10523 0.85 -23.02 -0.3 0 3 9
10540 0.85 -23.03 -0.3 0 3 10
10557 0.85 -23.04 -0.3 0 3 10
10574 0.85 -23.05 -0.3 0 3 11
10591 0.85 -23.06 -0.3 0 3 12
10608 0.85 -23.07 -0.3 0 3 12
10625 0.85 -23.08 -0.3 0 3 13
10642 0.85 -23.09 -0.3 0 3 13
10659 0.85 -23.1 -0.3 0 3 14
10676 0.85 -23.11 -0.3 0 3 14
10693 0.85 -23.12 -0.3 0 3 15
10710 0.85 -23.13 -0.3 0 3 16
10727 0.85 -23.14 -0.3 0 3 16
10744 0.85 -23.15 -0.3 0 3 17
10761 0.85 -23.16 -0.3 0 3 17
10778 0.85 -23.17 -0.3 0 3 18
10795 0.85 -23.18 -0.3 0 3 18
10812 0.85 -23.19 -0.3 0 3 19
10829 0.85 -23.2 -0.3 0 3 19
10846 0.85 -23.21 -0.3 0 3 20
10863 0.85 -23.22 -0.3 0 3 21
10880 0.85 -23.23 -0.3 0 3 21
10897 0.85 -23.24 -0.3 0 3 22
10914 0.85 -23.25 -0.3 0 3 22
10931 0.85 -23.26 -0.3 0 3 23
10948 0.85 -23.27 -0.3 0 3 23
10965 0.85 -23.32 0 0 1 19
10982 0.85 -23.37 0 0 1 20
10999 0.85 -23.42 0 0 1 20
11016 0.85 -23.47 0 0 1 21
11033 0.85 -23.52 0 0 1 22
11050 0.85 -23.57 0 0 1 0
11067 0.85 -23.62 0 0 1 1
11084 0.85 -23.67 0 0 1 2
11101 0.85 -23.72 0 0 1 3
11118 0.85 -23.77 0 0 1 3
11135 0.85 -23.82 0 0 1 4
11152 0.85 -23.87 0 0 1 5
11169 0.85 -23.92 0 0 1 6
11186 0.85 -23.97 0 0 1 7
11203 0.85 -24.02 0 0 1 8
11220 0.85 -24.07 0 0 1 9
11237 0.85 -24.12 0 0 1 9
11254 0.85 -24.17 0 0 1 10
11271 0.85 -24.22 0 0 1 11
11288 0.85 -24.27 0 0 1 12
11305 0.85 -24.32 0 0 1 13
11322 0.85 -24.37 0 0 1 14
11339 0.85 -24.42 0 0 1 14
11356 0.85 -24.47 0 0 1 15
11373 0.85 -24.52 0 0 1 16
11390 0.85 -24.57 0 0 1 17
11407 0.85 -24.62 0 0 1 18
11424 0.85 -24.67 0.0495839 0 2 0
11441 0.85 -24.72 0.0963356 0 2 1
11458 0.85 -24.77 0.140255 0 2 2
11475 0.85 -24.82 0.181342 0 2 3
11492 0.85 -24.87 0.219597 0 2 4
11509 0.85 -24.92 0.25502 0 2 5
11526 0.85 -24.97 0.287611 0 2 6
11543 0.85 -25.02 0.31737 0 2 7
11560 0.85 -25.07 0.344296 0 2 8
11577 0.85 -25.12 0.36839 0 2 8
11594 0.85 -25.17 0.389652 0 2 9
11611 0.85 -25.2199 0.408082 0 2 10
11628 0.85 -25.2699 0.423679 0 2 11
11645 0.85 -25.3199 0.436444 0 2 12
11662 0.85 -25.3699 0.446377 0 2 13
11679 0.85 -25.4199 0.453478 0 2 14
11696 0.85 -25.4699 0.457747 0 2 15
11713 0.85 -25.5199 0.459184 0 2 16
11730 0.85 -25.5699 0.457788 0 2 16
11747 0.85 -25.6199 0.45356 0 2 17
11764 0.85 -25.6699 0.4465 0 2 18
11781 0.85 -25.7199 0.436608 0 2 19
11798 0.85 -25.7699 0.423883 0 2 20
11815 0.85 -25.8199 0.408326 0 2 21
11832 0.85 -25.8699 0.389938 0 2 22
11849 0.85 -25.9199 0.368716 0 2 23
11866 0.85 -25.9699 0.344663 0 2 24
11883 0.85 -26.0199 0.317778 0 2 24
11900 0.85 -26.0699 0.28806 0 2 25
11917 0.85 -26.1199 0.25551 0 2 26
11934 0.85 -26.1699 0.220128 0 2 27
11951 0.85 -26.2199 0.181913 0 2 28
11968 0.85 -26.2699 0.140867 0 2 29
11985 0.85 -26.3199 0.0969883 0 2 30
12002 0.85 -26.3699 0.0502774 0 2 31
12019 0.85 -26.4199 0.000734329 0 2 32
12036 0.85 -26.4699 0 0 1 3
12053 0.85 -26.5199 0 0 1 4
12070 0.85 -26.5699 0 0 1 5
12087 0.85 -26.6199 0 0 1 6
12104 0.85 -26.6699 0 0 1 7
12121 0.85 -26.7199 0 0 1 8
12138 0.85 -26.7699 0 0 1 8
12155 0.85 -26.8199 0 0 1 9
12172 0.85 -26.8699 0 0 1 10
12189 0.85 -26.9199 0 0 1 11
12206 0.85 -26.9699 0 0 1 12
12223 0.85 -27.0199 0 0 1 13
12240 0.85 -27.0699 0 0 1 14
12257 0.85 -27.1199 0 0 1 14
12274 0.85 -27.1699 0 0 1 15
12291 0.85 -27.2199 0 0 1 16
12308 0.85 -27.2699 0 0 1 17
12325 0.85 -27.3199 0 0 1 18
12342 0.85 -27.3699 0 0 1 19
12359 0.85 -27.4199 0 0 1 19
12376 0.85 -27.4699 0 0 1 20
12393 0.85 -27.5199 0 0 1 21
12410 0.85 -27.5699 0 0 1 22
12427 0.85 -27.6199 0 0 1 0
12444 0.85 -27.6699 0 0 1 1
12461 0.85 -27.7199 0 0 1 2
12478 0.85 -27.7699 0 0 1 2
12495 0.85 -27.8199 0 0 1 3
12512 0.85 -27.8299 -0.3 0 3 14
12529 0.85 -27.8399 -0.3 0 3 14
12546 0.85 -27.8499 -0.3 0 3 15
12563 0.85 -27.8599 -0.3 0 3 15
12580 0.85 -27.8699 -0.3 0 3 16
12597 0.85 -27.8799 -0.3 0 3 16
12614 0.85 -27.8899 -0.3 0 3 17
12631 0.85 -27.8999 -0.3 0 3 18
12648 0.85 -27.9099 -0.3 0 3 18
12665 0.85 -27.9199 -0.3 0 3 19
12682 0.85 -27.9299 -0.3 0 3 19
12699 0.85 -27.9399 -0.3 0 3 20
12716 0.85 -27.9499 -0.3 0 3 20
12733 0.85 -27.9599 -0.3 0 3 21
12750 0.85 -27.9699 -0.3 0 3 22
12767 0.85 -27.9799 -0.3 0 3 22
12784 0.85 -27.9899 -0.3 0 3 23
12801 0.85 -27.9999 -0.3 0 3 23
12818 0.85 -28.0099 -0.3 0 3 24
12835 0.85 -28.0199 -0.3 0 3 24
12852 0.85 -28.0299 -0.3 0 3 25
12869 0.85 -28.0399 -0.3 0 3 25
12886 0.85 -28.0499 -0.3 0 3 26
12903 0.85 -28.0599 -0.3 0 3 27
12920 0.85 -28.0699 -0.3 0 3 27
12937 0.85 -28.0799 -0.3 0 3 28
12954 0.85 -28.0899 -0.3 0 3 28
12971 0.85 -28.0999 -0.3 0 3 29
12988 0.85 -28.1099 -0.3 0 3 29
13005 0.85 -28.1199 -0.3 0 3 30
13022 0.85 -28.1299 -0.3 0 3 0
13039 0.85 -28.1399 -0.3 0 3 0
13056 0.85 -28.1499 -0.3 0 3 1
13073 0.85 -28.1599 -0.3 0 3 1
13090 0.85 -28.1699 -0.3 0 3 2
13107 0.85 -28.1799 -0.3 0 3 2
13124 0.85 -28.1899 -0.3 0 3 3
13141 0.85 -28.1999 -0.3 0 3 4
13158 0.85 -28.2099 -0.3 0 3 4
13175 0.85 -28.2199 -0.3 0 3 5
13192 0.85 -28.2299 -0.3 0 3 5
13209 0.85 -28.2399 -0.3 0 3 6
13226 0.85 -28.2499 -0.3 0 3 6
13243 0.85 -28.2599 -0.3 0 3 7
13260 0.85 -28.2699 -0.3 0 3 8
13277 0.85 -28.2799 -0.3 0 3 8
13294 0.85 -28.2899 -0.3 0 3 9
13311 0.85 -28.2999 -0.3 0 3 9
13328 0.85 -28.3099 -0.3 0 3 10
13345 0.85 -28.3199 -0.3 0 3 10
13362 0.85 -28.3299 -0.3 0 3 11
13379 0.85 -28.3799 0 0 1 1
13396 0.85 -28.4299 0 0 1 2
13413 0.85 -28.4799 0 0 1 3
13430 0.85 -28.5299 0 0 1 4
13447 0.85 -28.5799 0 0 1 5
13464 0.85 -28.6299 0 0 1 6
13481 0.85 -28.6799 0 0 1 7
13498 0.85 -28.7299 0 0 1 7
13515 0.85 -28.7799 0 0 1 8
13532 0.85 -28.8299 0 0 1 9
13549 0.85 -28.8799 0 0 1 10
13566 0.85 -28.9299 0 0 1 11
13583 0.85 -28.9799 0 0 1 12
13600 0.85 -29.0299 0 0 1 13
13617 0.85 -29.0799 0 0 1 13
13634 0.85 -29.1299 0 0 1 14
13651 0.85 -29.1799 0 0 1 15
13668 0.85 -29.2299 0 0 1 16
13685 0.85 -29.2799 0 0 1 17
13702 0.85 -29.3299 0 0 1 18
13719 0.85 -29.3799 0 0 1 18
13736 0.85 -29.4299 0 0 1 19
13753 0.85 -29.4799 0 0 1 20
13770 0.85 -29.5299 0 0 1 21
13787 0.85 -29.5799 0 0 1 22
13804 0.85 -29.6299 0 0 1 0
13821 0.85 -29.6799 0 0 1 1
13838 0.85 -29.7299 0 0 1 1
13855 0.85 -29.7799 0.0495839 0 2 0
13872 0.85 -29.8299 0.0963356 0 2 1
13889 0.85 -29.8799 0.140255 0 2 2
13906 0.85 -29.9299 0.181342 0 2 3
13923 0.85 -29.9799 0.219597 0 2 4
13940 0.85 -30.0299 0.25502 0 2 5
13957 0.85 -30.0799 0.287611 0 2 6
13974 0.85 -30.1299 0.31737 0 2 7
13991 0.85 -30.1799 0.344296 0 2 8
14008 0.85 -30.2299 0.36839 0 2 8
14025 0.85 -30.2799 0.389652 0 2 9
14042 0.85 -30.3299 0.408082 0 2 10
14059 0.85 -30.3799 0.423679 0 2 11
14076 0.85 -30.4299 0.436444 0 2 12
14093 0.85 -30.4799 0.446377 0 2 13
14110 0.85 -30.5299 0.453478 0 2 14
14127 0.85 -30.5799 0.457747 0 2 15
14144 0.85 -30.6299 0.459184 0 2 16
14161 0.85 -30.6799 0.457788 0 2 16
14178 0.85 -30.7299 0.45356 0 2 17
14195 0.85 -30.7799 0.4465 0 2 18
14212 0.85 -30.8299 0.436608 0 2 19
14229 0.85 -30.8799 0.423883 0 2 20
14246 0.85 -30.9299 0.408326 0 2 21
14263 0.85 -30.9799 0.389938 0 2 22
14280 0.85 -31.0299 0.368716 0 2 23
14297 0.85 -31.0799 0.344663 0 2 24
14314 0.85 -31.1299 0.317778 0 2 24
14331 0.85 -31.1799 0.28806 0 2 25
14348 0.85 -31.2299 0.25551 0 2 26
14365 0.85 -31.2799 0.220128 0 2 27
14382 0.85 -31.3299 0.181913 0 2 28
14399 0.85 -31.3799 0.140867 0 2 29
14416 0.85 -31.4299 0.0969883 0 2 30
14433 0.85 -31.4799 0.0502774 0 2 31
14450 0.85 -31.5299 0.000734329 0 2 32
14467 0.85 -31.5799 0 0 1 10
14484 0.85 -31.6299 0 0 1 11
14501 0.85 -31.6799 0 0 1 12
14518 0.85 -31.7299 0 0 1 12
14535 0.85 -31.7799 0 0 1 13
14552 0.85 -31.8299 0 0 1 14
14569 0.85 -31.8799 0 0 1 15
14586 0.85 -31.9299 0 0 1 16
14603 0.85 -31.9799 0 0 1 17
14620 0.85 -32.0299 0 0 1 18
14637 0.85 -32.0799 0 0 1 18
14654 0.85 -32.1299 0 0 1 19
14671 0.85 -32.1799 0 0 1 20
14688 0.85 -32.2299 0 0 1 21
14705 0.85 -32.2799 0 0 1 22
14722 0.85 -32.3299 0 0 1 0
14739 0.85 -32.3799 0 0 1 0
14756 0.85 -32.4299 0 0 1 1
14773 0.85 -32.4799 0 0 1 2
14790 0.85 -32.5299 0 0 1 3
14807 0.85 -32.5799 0 0 1 4
14824 0.85 -32.6299 0 0 1 5
14841 0.85 -32.6799 0 0 1 6
14858 0.85 -32.7299 0 0 1 6
14875 0.85 -32.7799 0 0 1 7
14892 0.85 -32.8299 0 0 1 8
14909 0.85 -32.8799 0 0 1 9
14926 0.85 -32.9299 0 0 1 10
14943 0.85 -32.9799 0 0 1 11
14960 0.85 -33.0299 0 0 1 12
14977 0.85 -33.0798 0 0 1 12
14994 0.85 -33.0898 -0.3 0 3 3
15011 0.85 -33.0998 -0.3 0 3 4
15028 0.85 -33.1098 -0.3 0 3 4
15045 0.85 -33.1198 -0.3 0 3 5
15062 0.85 -33.1298 -0.3 0 3 6
15079 0.85 -33.1398 -0.3 0 3 6
15096 0.85 -33.1498 -0.3 0 3 7
15113 0.85 -33.1598 -0.3 0 3 7
15130 0.85 -33.1698 -0.3 0 3 8
15147 0.85 -33.1798 -0.3 0 3 8
15164 0.85 -33.1898 -0.3 0 3 9
15181 0.85 -33.1998 -0.3 0 3 10
15198 0.85 -33.2098 -0.3 0 3 10
15215 0.85 -33.2198 -0.3 0 3 11
15232 0.85 -33.2298 -0.3 0 3 11
15249 0.85 -33.2398 -0.3 0 3 12
15266 0.85 -33.2498 -0.3 0 3 12
15283 0.85 -33.2598 -0.3 0 3 13
15300 0.85 -33.2698 -0.3 0 3 14
15317 0.85 -33.2798 -0.3 0 3 14
15334 0.85 -33.2898 -0.3 0 3 15
15351 0.85 -33.2998 -0.3 0 3 15
15368 0.85 -33.3098 -0.3 0 3 16
15385 0.85 -33.3198 -0.3 0 3 16
15402 0.85 -33.3298 -0.3 0 3 17
15419 0.85 -33.3398 -0.3 0 3 17
15436 0.85 -33.3498 -0.3 0 3 18
15453 0.85 -33.3598 -0.3 0 3 19
15470 0.85 -33.3698 -0.3 0 3 19
15487 0.85 -33.3798 -0.3 0 3 20
15504 0.85 -33.3898 -0.3 0 3 20
15521 0.85 -33.3998 -0.3 0 3 21
15538 0.85 -33.4098 -0.3 0 3 21
15555 0.85 -33.4198 -0.3 0 3 22
15572 0.85 -33.4298 -0.3 0 3 23
15589 0.85 -33.4398 -0.3 0 3 23
15606 0.85 -33.4498 -0.3 0 3 24
15623 0.85 -33.4598 -0.3 0 3 24
15640 0.85 -33.5098 0 0 1 0
15657 0.85 -33.5598 0 0 1 0
15674 0.85 -33.6098 0 0 1 1
15691 0.85 -33.6598 0 0 1 2
15708 0.85 -33.7098 0 0 1 3
15725 0.85 -33.7598 0 0 1 4
15742 0.85 -33.8098 0 0 1 5
15759 0.85 -33.8598 0 0 1 5
15776 0.85 -33.9098 0 0 1 6
15793 0.85 -33.9598 0 0 1 7
15810 0.85 -34.0098 0 0 1 8
15827 0.85 -34.0598 0 0 1 9
15844 0.85 -34.1098 0 0 1 10
15861 0.85 -34.1598 0 0 1 11
15878 0.85 -34.2098 0 0 1 11
15895 0.85 -34.2598 0 0 1 12
15912 0.85 -34.3098 0 0 1 13
15929 0.85 -34.3598 0 0 1 14
15946 0.85 -34.4098 0 0 1 15
15963 0.85 -34.4598 0 0 1 16
15980 0.85 -34.5098 0 0 1 17
15997 0.85 -34.5598 0 0 1 17
16014 0.85 -34.6098 0 0 1 18
16031 0.85 -34.6598 0 0 1 19
16048 0.85 -34.7098 0 0 1 20
16065 0.85 -34.7598 0 0 1 21
16082 0.85 -34.8098 0 0 1 22
16099 0.85 -34.8598 0 0 1 22
16116 0.85 -34.9098 0 0 1 0
16133 0.85 -34.9598 0 0 1 1
16150 0.85 -35.0098 0 0 1 2
16167 0.85 -35.0598 0.0495839 0 2 0
16184 0.85 -35.1098 0.0963356 0 2 1
16201 0.85 -35.1598 0.140255 0 2 2
16218 0.85 -35.2098 0.181342 0 2 3
16235 0.85 -35.2598 0.219597 0 2 4
16252 0.85 -35.3098 0.25502 0 2 5
16269 0.85 -35.3598 0.287611 0 2 6
16286 0.85 -35.4098 0.31737 0 2 7
16303 0.85 -35.4598 0.344296 0 2 8
16320 0.85 -35.5098 0.36839 0 2 8
16337 0.85 -35.5598 0.389652 0 2 9
16354 0.85 -35.6098 0.408082 0 2 10
16371 0.85 -35.6598 0.423679 0 2 11
16388 0.85 -35.7098 0.436444 0 2 12
16405 0.85 -35.7598 0.446377 0 2 13
16422 0.85 -35.8097 0.453478 0 2 14
16439 0.85 -35.8597 0.457747 0 2 15
16456 0.85 -35.9097 0.459184 0 2 16
16473 0.85 -35.9597 0.457788 0 2 16
16490 0.85 -36.0097 0.45356 0 2 17
16507 0.85 -36.0597 0.4465 0 2 18
16524 0.85 -36.1097 0.436608 0 2 19
16541 0.85 -36.1597 0.423883 0 2 20
16558 0.85 -36.2097 0.408326 0 2 21
16575 0.85 -36.2597 0.389938 0 2 22
16592 0.85 -36.3097 0.368716 0 2 23
16609 0.85 -36.3597 0.344663 0 2 24
16626 0.85 -36.4097 0.317778 0 2 24
16643 0.85 -36.4597 0.28806 0 2 25
16660 0.85 -36.5097 0.25551 0 2 26
16677 0.85 -36.5597 0.220128 0 2 27
16694 0.85 -36.6097 0.181913 0 2 28
16711 0.85 -36.6597 0.140867 0 2 29
16728 0.85 -36.7097 0.0969883 0 2 30
16745 0.85 -36.7597 0.0502774 0 2 31
16762 0.85 -36.8097 0.000734329 0 2 32
16779 0.85 -36.8597 0 0 1 10
16796 0.85 -36.9097 0 0 1 11
16813 0.85 -36.9597 0 0 1 12
16830 0.85 -37.0097 0 0 1 13
16847 0.85 -37.0597 0 0 1 14
16864 0.85 -37.1097 0 0 1 15
16881 0.85 -37.1597 0 0 1 16
16898 0.85 -37.2097 0 0 1 16
16915 0.85 -37.2597 0 0 1 17
16932 0.85 -37.3097 0 0 1 18
16949 0.85 -37.3597 0 0 1 19
16966 0.85 -37.4097 0 0 1 20
16983 0.85 -37.4597 0 0 1 21
17000 0.85 -37.5097 0 0 1 22
17017 0.85 -37.5597 0 0 1 22
17034 0.85 -37.6097 0 0 1 0
17051 0.85 -37.6597 0 0 1 1
17068 0.85 -37.7097 0 0 1 2
17085 0.85 -37.7597 0 0 1 3
17102 0.85 -37.8097 0 0 1 4
17119 0.85 -37.8197 -0.3 0 3 12
17136 0.85 -37.8297 -0.3 0 3 13
17153 0.85 -37.8397 -0.3 0 3 13
17170 0.85 -37.8497 -0.3 0 3 14
17187 0.85 -37.8597 -0.3 0 3 14
17204 0.85 -37.8697 -0.3 0 3 15
17221 0.85 -37.8797 -0.3 0 3 16
17238 0.85 -37.8897 -0.3 0 3 16
17255 0.85 -37.8997 -0.3 0 3 17
17272 0.85 -37.9097 -0.3 0 3 17
17289 0.85 -37.9197 -0.3 0 3 18
17306 0.85 -37.9297 -0.3 0 3 18
17323 0.85 -37.9397 -0.3 0 3 19
17340 0.85 -37.9497 -0.3 0 3 20
17357 0.85 -37.9597 -0.3 0 3 20
17374 0.85 -37.9697 -0.3 0 3 21
17391 0.85 -37.9797 -0.3 0 3 21
17408 0.85 -37.9897 -0.3 0 3 22
17425 0.85 -37.9997 -0.3 0 3 22
17442 0.85 -38.0097 -0.3 0 3 23
17459 0.85 -38.0197 -0.3 0 3 23
17476 0.85 -38.0297 -0.3 0 3 24
17493 0.85 -38.0397 -0.3 0 3 25
17510 0.85 -38.0497 -0.3 0 3 25
17527 0.86 -38.0597 -0.3 0 3 26
17544 0.87 -38.0697 -0.3 0 3 26
17561 0.88 -38.0797 -0.3 0 3 27
17578 0.89 -38.0897 -0.3 0 3 27
17595 0.89 -38.0997 -0.3 0 3 28
17612 0.9 -38.1097 -0.3 0 3 29
17629 0.91 -38.1197 -0.3 0 3 29
17646 0.92 -38.1297 -0.3 0 3 30
17663 0.93 -38.1397 -0.3 0 3 30
17680 0.94 -38.1497 -0.3 0 3 0
17697 0.95 -38.1597 -0.3 0 3 0
17714 0.96 -38.1697 -0.3 0 3 1
17731 0.97 -38.1797 -0.3 0 3 2
17748 0.98 -38.1897 -0.3 0 3 2
17765 0.99 -38.1997 -0.3 0 3 3
17782 1 -38.2097 -0.3 0 3 3
17799 1.01 -38.2197 -0.3 0 3 4
17816 1.02 -38.2296 -0.3 0 3 4
17833 1.03 -38.2396 -0.3 0 3 5
17850 1.04 -38.2496 -0.3 0 3 6
17867 1.05 -38.2596 -0.3 0 3 6
17884 1.06 -38.2696 -0.3 0 3 7
17901 1.07 -38.2796 -0.3 0 3 7
17918 1.08 -38.2896 -0.3 0 3 8
17935 1.09 -38.2996 -0.3 0 3 8
17952 1.1 -38.3096 -0.3 0 3 9
17969 1.11 -38.3196 -0.3 0 3 9
17986 1.16 -38.3696 0 0 1 2
18003 1.21 -38.4196 0 0 1 3
18020 1.26 -38.4696 0 0 1 4
18037 1.31 -38.5196 0 0 1 4
18054 1.31 -38.5696 0 0 1 5
18071 1.31 -38.6196 0 0 1 6
18088 1.31 -38.6696 0 0 1 7
18105 1.31 -38.7196 0 0 1 8
18122 1.31 -38.7696 0 0 1 9
18139 1.31 -38.8196 0 0 1 9
18156 1.31 -38.8696 0 0 1 10
