166
17 0.5 -0.5 0 0 1 0
34 0.5 -0.55 0 0 1 1
51 0.554168 -0.595452 0 -5 1 2
68 0.61209 -0.63601 0 -10 1 3
85 0.673328 -0.671365 0 -15 1 4
102 0.737413 -0.701249 0 -20 1 5
119 0.80386 -0.725433 0 -25 1 5
136 0.872161 -0.743735 0 -30 1 6
153 0.915462 -0.718735 0 -30 1 7
170 0.958763 -0.693735 0 -30 1 8
187 1.00206 -0.668735 0 -30 1 9
204 1.04537 -0.643735 0 -30 1 10
221 1.08867 -0.618735 0 -30 1 11
238 1.13197 -0.593735 0 -30 1 11
255 1.17527 -0.568735 0 -30 1 12
272 1.21857 -0.543735 0 -30 1 13
289 1.26187 -0.518735 0 -30 1 14
306 1.30517 -0.493735 0 -30 1 15
323 1.34847 -0.468735 0 -30 1 16
340 1.39178 -0.443735 0 -30 1 17
357 1.43508 -0.418735 0 -30 1 17
374 1.47838 -0.393735 0 -30 1 18
391 1.52168 -0.368735 0.0495839 -30 2 0
408 1.56498 -0.343735 0.0963356 -30 2 1
425 1.60828 -0.318735 0.140255 -30 2 2
442 1.65158 -0.293735 0.181342 -30 2 3
459 1.69488 -0.268735 0.219597 -30 2 4
476 1.73819 -0.243735 0.25502 -30 2 5
493 1.78149 -0.218735 0.287611 -30 2 6
510 1.82479 -0.193735 0.31737 -30 2 7
527 1.86809 -0.168735 0.344296 -30 2 8
544 1.91139 -0.143735 0.36839 -30 2 8
561 1.95469 -0.118735 0.389652 -30 2 9
578 1.99799 -0.118735 0.408082 -30 2 10
595 2.06629 -0.137036 0.423679 -30 2 11
612 2.1346 -0.155337 0.436444 -30 2 12
629 2.2029 -0.173639 0.446377 -30 2 13
646 2.2712 -0.19194 0.453478 -30 2 14
663 2.3395 -0.210241 0.457747 -30 2 15
680 2.4078 -0.228542 0.459184 -30 2 16
697 2.4761 -0.246844 0.457788 -30 2 16
714 2.5444 -0.265145 0.45356 -30 2 17
731 2.61271 -0.283446 0.4465 -30 2 18
748 2.68101 -0.301748 0.436608 -30 2 19
765 2.74931 -0.320049 0.423883 -30 2 20
782 2.81895 -0.332328 0.408326 -35 2 21
799 2.88939 -0.33849 0.389938 -40 2 22
816 2.9601 -0.33849 0.368716 -45 2 23
833 3.03054 -0.332328 0.344663 -50 2 24
850 3.10018 -0.320049 0.317778 -55 2 24
867 3.16848 -0.301748 0.28806 -60 2 25
884 3.23492 -0.277563 0.25551 -65 2 26
901 3.30137 -0.253379 0.220128 -65 2 27
918 3.36782 -0.229194 0.181913 -65 2 28
935 3.41313 -0.250325 0.140867 -65 2 29
952 3.45845 -0.271456 0.0969883 -65 2 30
969 3.50376 -0.292587 0.0502774 -65 2 31
986 3.54908 -0.313718 0.000734329 -65 2 32
1003 3.59439 -0.334849 0 -65 1 4
1020 3.63971 -0.35598 0 -65 1 5
1037 3.68502 -0.377111 0 -65 1 5
1054 3.73034 -0.398241 0 -65 1 6
1071 3.77566 -0.419372 0 -65 1 7
1088 3.82097 -0.440503 0 -65 1 8
1105 3.86629 -0.461634 0 -65 1 9
1122 3.9116 -0.482765 0 -65 1 10
1139 3.95692 -0.503896 0 -65 1 10
1156 4.00223 -0.525027 0 -65 1 11
1173 4.04755 -0.546158 0 -65 1 12
1190 4.09286 -0.567289 0 -65 1 13
1207 4.13818 -0.58842 0 -65 1 14
1224 4.18349 -0.609551 0 -65 1 15
1241 4.22881 -0.630682 0 -65 1 16
1258 4.27412 -0.651812 0 -65 1 16
1275 4.31944 -0.672943 0 -65 1 17
1292 4.36475 -0.694074 0 -65 1 18
1309 4.41007 -0.715205 0 -65 1 19
1326 4.45539 -0.736336 0 -65 1 20
1343 4.5007 -0.757467 0 -65 1 21
1360 4.54602 -0.778598 0 -65 1 22
1377 4.59133 -0.799729 0 -65 1 22
1394 4.63665 -0.82086 0 -65 1 0
1411 4.68196 -0.841991 0 -65 1 1
1428 4.72728 -0.863122 0 -65 1 2
1445 4.77259 -0.884253 0 -65 1 3
1462 4.81791 -0.905384 0 -65 1 4
1479 4.86322 -0.926514 0 -65 1 4
1496 4.90854 -0.947645 0 -65 1 5
1513 4.95385 -0.968776 0 -65 1 6
1530 4.99917 -0.989907 0 -65 1 7
1547 5.04448 -1.01104 0 -65 1 8
1564 5.0898 -1.03217 0 -65 1 9
1581 5.13511 -1.0533 0 -65 1 10
1598 5.20156 -1.02912 0 -65 1 10
1615 5.26801 -1.00493 0 -65 1 11
1632 5.33445 -0.980747 0 -65 1 12
1649 5.39854 -0.950863 0 -70 1 13
1666 5.45978 -0.915508 0 -75 1 14
1683 5.5177 -0.87495 0 -80 1 15
1700 5.56751 -0.879307 0 -85 1 16
1717 5.61751 -0.879307 0 -90 1 16
1734 5.66732 -0.87495 0 -95 1 17
1751 5.71713 -0.870592 0 -95 1 18
1768 5.76694 -0.866234 0 -95 1 19
1785 5.81675 -0.861876 0 -95 1 20
1802 5.86656 -0.857518 0 -95 1 21
1819 5.91637 -0.853161 0 -95 1 21
1836 5.96618 -0.848803 0 -95 1 22
1853 6.01599 -0.844445 0 -95 1 0
1870 6.0658 -0.840087 0 -95 1 1
1887 6.11561 -0.835729 0 -95 1 2
1904 6.16542 -0.831371 0 -95 1 3
1921 6.21523 -0.827014 0 -95 1 4
1938 6.26504 -0.822656 0 -95 1 4
1955 6.31485 -0.818298 0 -95 1 5
1972 6.36466 -0.81394 0 -95 1 6
1989 6.41447 -0.809582 0 -95 1 7
2006 6.46428 -0.805225 0 -95 1 8
2023 6.51409 -0.800867 0 -95 1 9
2040 6.5639 -0.796509 0 -95 1 10
2057 6.61371 -0.792151 0 -95 1 10
2074 6.66352 -0.787793 0 -95 1 11
2091 6.71333 -0.783435 0 -95 1 12
2108 6.76314 -0.779078 0 -95 1 13
2125 6.81295 -0.77472 0 -95 1 14
2142 6.86276 -0.770362 0 -95 1 15
2159 6.91257 -0.766004 0 -95 1 15
2176 6.96238 -0.761646 0 -95 1 16
2193 7.01219 -0.757289 0 -95 1 17
2210 7.062 -0.752931 0 -95 1 18
2227 7.11181 -0.748573 0 -95 1 19
2244 7.16162 -0.744215 0 -95 1 20
2261 7.21143 -0.739857 0 -95 1 21
2278 7.26124 -0.7355 0 -95 1 21
2295 7.31105 -0.731142 0 -95 1 22
2312 7.36086 -0.726784 0 -95 1 0
2329 7.41067 -0.722426 0 -95 1 1
2346 7.46048 -0.718068 0 -95 1 2
2363 7.51029 -0.71371 0 -95 1 3
2380 7.5601 -0.709353 0 -95 1 4
2397 7.60991 -0.704995 0 -95 1 4
2414 7.65972 -0.700637 0 -95 1 5
2431 7.70953 -0.696279 0 -95 1 6
2448 7.75934 -0.691921 0 -95 1 7
2465 7.80915 -0.687564 0 -95 1 8
2482 7.85896 -0.683206 0 -95 1 9
2499 7.90877 -0.678848 0 -95 1 9
2516 7.95858 -0.67449 0 -95 1 10
2533 8.00839 -0.670132 0 -95 1 11
2550 8.0582 -0.665774 0 -95 1 12
2567 8.108 -0.661417 0 -95 1 13
2584 8.15781 -0.657059 0 -95 1 14
2601 8.20762 -0.652701 0 -95 1 15
2618 8.25743 -0.648343 0 -95 1 15
2635 8.30724 -0.643985 0 -95 1 16
2652 8.35705 -0.639628 0 -95 1 17
2669 8.40686 -0.63527 0 -95 1 18
2686 8.45667 -0.630912 0 -95 1 19
2703 8.50648 -0.626554 0 -95 1 20
2720 8.55629 -0.622196 0 -95 1 21
2737 8.6061 -0.617839 0 -95 1 21
2754 8.65591 -0.613481 0 -95 1 22
2771 8.70572 -0.609123 0 -95 1 0
2788 8.75553 -0.604765 0 -95 1 1
2805 8.80534 -0.600407 0 -95 1 2
2822 8.85515 -0.596049 0 -95 1 3
