567
17 0.5 -0.5 0 0 1 0
34 0.55 -0.5 0 0 1 1
51 0.6 -0.55 0 0 1 2
68 0.65 -0.6 0 0 1 3
85 0.7 -0.65 0 0 1 4
102 0.75 -0.7 0 0 1 5
119 0.8 -0.75 0 0 1 5
136 0.85 -0.8 0 0 1 6
153 0.85 -0.85 0 0 1 7
170 0.85 -0.9 0 0 1 8
187 0.85 -0.95 0 0 1 9
204 0.85 -1 0 0 1 10
221 0.85 -1.05 0 0 1 11
238 0.9 -1.1 0 0 1 11
255 0.95 -1.15 0 0 1 12
272 1 -1.2 0 0 1 13
289 1.05 -1.25 0 0 1 14
306 1.1 -1.3 0 0 1 15
323 1.15 -1.35 0 0 1 16
340 1.2 -1.4 0 0 1 17
357 1.25 -1.45 0 0 1 17
374 1.3 -1.5 0 0 1 18
391 1.35 -1.55 0 0 1 19
408 1.4 -1.6 0 0 1 20
425 1.45 -1.65 0 0 1 21
442 1.5 -1.7 0 0 1 22
459 1.55 -1.75 0 0 1 22
476 1.6 -1.8 0 0 1 0
493 1.65 -1.85 0.0495839 0 2 0
510 1.7 -1.9 0.0963356 0 2 1
527 1.75 -1.95 0.140255 0 2 2
544 1.8 -2 0.181342 0 2 3
561 1.85 -2.05 0.219597 0 2 4
578 1.9 -2.1 0.25502 0 2 5
595 1.9 -2.15 0.287611 0 2 6
612 1.9 -2.2 0.31737 0 2 7
629 1.9 -2.25 0.344296 0 2 8
646 1.9 -2.3 0.36839 0 2 8
663 1.9 -2.35 0.389652 0 2 9
680 1.9 -2.4 0.408082 0 2 10
697 1.9 -2.45 0.423679 0 2 11
714 1.9 -2.5 0.436444 0 2 12
731 1.9 -2.55 0.446377 0 2 13
748 1.9 -2.6 0.453478 0 2 14
765 1.9 -2.65 0.457747 0 2 15
782 1.9 -2.7 0.459184 0 2 16
799 1.9 -2.75 0.457788 0 2 16
816 1.9 -2.8 0.45356 0 2 17
833 1.9 -2.85 0.4465 0 2 18
850 1.85 -2.9 0.436608 0 2 19
867 1.8 -2.95 0.423883 0 2 20
884 1.75 -3 0.408326 0 2 21
901 1.7 -3.05 0.389938 0 2 22
918 1.65 -3.1 0.368716 0 2 23
935 1.6 -3.15 0.344663 0 2 24
952 1.55 -3.2 0.317778 0 2 24
969 1.55 -3.25 0.28806 0 2 25
986 1.55 -3.3 0.25551 0 2 26
1003 1.55 -3.35 0.220128 0 2 27
1020 1.55 -3.4 0.181913 0 2 28
1037 1.55 -3.45 0.140867 0 2 29
1054 1.55 -3.5 0.0969883 0 2 30
1071 1.55 -3.55 0.0502774 0 2 31
1088 1.55 -3.6 0.000734329 0 2 32
1105 1.55 -3.65 0 0 1 9
1122 1.55 -3.7 0 0 1 10
1139 1.55 -3.75 0 0 1 10
1156 1.55 -3.8 0 0 1 11
1173 1.55 -3.85 0 0 1 12
1190 1.55 -3.9 0 0 1 13
1207 1.55 -3.95 0 0 1 14
1224 1.55 -4 0 0 1 15
1241 1.55 -4.05 0 0 1 16
1258 1.55 -4.1 0 0 1 16
1275 1.55 -4.15 0 0 1 17
1292 1.55 -4.2 0 0 1 18
1309 1.55 -4.25 0 0 1 19
1326 1.55 -4.3 0 0 1 20
1343 1.55 -4.35 0 0 1 21
1360 1.55 -4.4 0 0 1 22
1377 1.55 -4.45 0 0 1 22
1394 1.55 -4.5 0 0 1 0
1411 1.55 -4.55 0 0 1 1
1428 1.55 -4.6 0 0 1 2
1445 1.55 -4.65 0 0 1 3
1462 1.55 -4.7 0 0 1 4
1479 1.55 -4.75 0 0 1 4
1496 1.55 -4.8 0 0 1 5
1513 1.55 -4.85 0 0 1 6
1530 1.55 -4.9 0 0 1 7
1547 1.55 -4.95 0 0 1 8
1564 1.55 -5 0 0 1 9
1581 1.55 -5.05 0 0 1 10
1598 1.55 -5.1 0 0 1 10
1615 1.55 -5.15 0 0 1 11
1632 1.55 -5.2 0 0 1 12
1649 1.55 -5.25 0 0 1 13
1666 1.55 -5.3 0 0 1 14
1683 1.55 -5.35 0 0 1 15
1700 1.55 -5.4 0 0 1 16
1717 1.55 -5.45 0 0 1 16
1734 1.55 -5.5 0 0 1 17
1751 1.55 -5.55 0 0 1 18
1768 1.55 -5.6 0 0 1 19
1785 1.55 -5.65 0 0 1 20
1802 1.55 -5.7 0 0 1 21
1819 1.55 -5.75 0 0 1 21
1836 1.55 -5.8 0 0 1 22
1853 1.55 -5.85 0 0 1 0
1870 1.55 -5.9 0 0 1 1
1887 1.55 -5.95 0 0 1 2
1904 1.55 -6 0 0 1 3
1921 1.55 -6.05 0 0 1 4
1938 1.55 -6.10001 0 0 1 4
1955 1.55 -6.15001 0 0 1 5
1972 1.55 -6.20001 0 0 1 6
1989 1.55 -6.25001 0 0 1 7
2006 1.55 -6.30001 0 0 1 8
2023 1.55 -6.35001 0 0 1 9
2040 1.55 -6.40001 0 0 1 10
2057 1.55 -6.45001 0 0 1 10
2074 1.55 -6.50001 0 0 1 11
2091 1.55 -6.55001 0 0 1 12
2108 1.55 -6.60001 0 0 1 13
2125 1.55 -6.65001 0 0 1 14
2142 1.55 -6.70001 0 0 1 15
2159 1.55 -6.75001 0 0 1 15
2176 1.55 -6.80001 0 0 1 16
2193 1.55 -6.85001 0 0 1 17
2210 1.55 -6.90001 0 0 1 18
2227 1.55 -6.95001 0.0495839 0 2 0
2244 1.55 -7.00001 0.0963356 0 2 1
2261 1.55 -7.05001 0.140255 0 2 2
2278 1.55 -7.10001 0.181342 0 2 3
2295 1.55 -7.15001 0.219597 0 2 4
2312 1.55 -7.20001 0.25502 0 2 5
2329 1.55 -7.25001 0.287611 0 2 6
2346 1.55 -7.30001 0.31737 0 2 7
2363 1.55 -7.35001 0.344296 0 2 8
2380 1.5 -7.40001 0.36839 0 2 8
2397 1.45 -7.45001 0.389652 0 2 9
2414 1.4 -7.50001 0.408082 0 2 10
2431 1.35 -7.55001 0.423679 0 2 11
2448 1.3 -7.60001 0.436444 0 2 12
2465 1.25 -7.65001 0.446377 0 2 13
2482 1.2 -7.70001 0.453478 0 2 14
2499 1.15 -7.75001 0.457747 0 2 15
2516 1.1 -7.80001 0.459184 0 2 16
2533 1.1 -7.85001 0.457788 0 2 16
2550 1.1 -7.90001 0.45356 0 2 17
2567 1.1 -7.95001 0.4465 0 2 18
2584 1.1 -8.00001 0.436608 0 2 19
2601 1.1 -8.05001 0.423883 0 2 20
2618 1.10436 -8.10418 0.408326 -5 2 21
2635 1.11304 -8.1621 0.389938 -10 2 22
2652 1.12598 -8.22334 0.368716 -15 2 23
2669 1.14308 -8.28743 0.344663 -20 2 24
2686 1.1189 -8.35387 0.317778 -25 2 24
2703 1.1006 -8.42217 0.28806 -30 2 25
2720 1.12928 -8.49181 0.25551 -35 2 26
2737 1.12311 -8.56225 0.220128 -40 2 27
2754 1.12311 -8.63296 0.181913 -45 2 28
2771 1.12928 -8.7034 0.140867 -50 2 29
2788 1.14155 -8.77304 0.0969883 -55 2 30
2805 1.15986 -8.84134 0.0502774 -60 2 31
2822 1.18404 -8.90779 0.000734329 -65 2 32
2839 1.21392 -8.97187 0 -70 1 3
2856 1.24928 -9.03311 0 -75 1 4
2873 1.28984 -9.09103 0 -80 1 5
2890 1.33529 -9.1452 0 -85 1 6
2907 1.38529 -9.1952 0 -90 1 7
2924 1.43946 -9.24065 0 -95 1 8
2941 1.49738 -9.28121 0 -100 1 9
2958 1.54568 -9.26827 0.0495839 -105 2 0
2975 1.59266 -9.25117 0.0963356 -110 2 1
2992 1.63798 -9.23004 0.140255 -115 2 2
3009 1.68329 -9.20891 0.181342 -115 2 3
3026 1.72861 -9.18778 0.219597 -115 2 4
3043 1.77392 -9.16665 0.25502 -115 2 5
3060 1.81924 -9.14552 0.287611 -115 2 6
3077 1.86455 -9.12438 0.31737 -115 2 7
3094 1.90987 -9.10325 0.344296 -115 2 8
3111 1.95518 -9.10325 0.36839 -115 2 8
3128 2.0005 -9.10325 0.389652 -115 2 9
3145 2.04581 -9.10325 0.408082 -115 2 10
3162 2.09113 -9.10325 0.423679 -115 2 11
3179 2.13644 -9.10325 0.436444 -115 2 12
3196 2.18176 -9.10325 0.446377 -115 2 13
3213 2.22708 -9.10325 0.453478 -115 2 14
3230 2.27239 -9.10325 0.457747 -115 2 15
3247 2.31771 -9.10325 0.459184 -115 2 16
3264 2.38415 -9.14857 0.457788 -115 2 16
3281 2.4506 -9.17276 0.45356 -115 2 17
3298 2.51705 -9.19694 0.4465 -115 2 18
3315 2.58349 -9.22113 0.436608 -115 2 19
3332 2.64994 -9.24531 0.423883 -115 2 20
3349 2.71638 -9.2695 0.408326 -115 2 21
3366 2.78283 -9.29368 0.389938 -115 2 22
3383 2.84928 -9.31787 0.368716 -115 2 23
3400 2.91572 -9.34205 0.344663 -115 2 24
3417 2.98217 -9.36624 0.317778 -115 2 24
3434 3.04862 -9.39042 0.28806 -115 2 25
3451 3.11506 -9.41461 0.25551 -115 2 26
3468 3.18151 -9.43879 0.220128 -115 2 27
3485 3.24796 -9.46298 0.181913 -115 2 28
3502 3.3144 -9.48716 0.140867 -115 2 29
3519 3.38085 -9.51135 0.0969883 -115 2 30
3536 3.42616 -9.49022 0.0502774 -115 2 31
3553 3.47148 -9.46909 0.000734329 -115 2 32
3570 3.51679 -9.44796 0 -115 1 17
3587 3.56211 -9.42683 0.0495839 -115 2 0
3604 3.60743 -9.40569 0.0963356 -115 2 1
3621 3.65274 -9.38456 0.140255 -115 2 2
3638 3.69806 -9.36343 0.181342 -115 2 3
3655 3.74337 -9.3423 0.219597 -115 2 4
3672 3.78869 -9.32117 0.25502 -115 2 5
3689 3.85513 -9.34536 0.287611 -115 2 6
3706 3.92158 -9.36954 0.31737 -115 2 7
3723 3.98803 -9.39373 0.344296 -115 2 8
3740 4.05447 -9.41791 0.36839 -115 2 8
3757 4.12092 -9.4421 0.389652 -115 2 9
3774 4.18737 -9.46628 0.408082 -115 2 10
3791 4.25381 -9.49047 0.423679 -115 2 11
3808 4.32026 -9.51465 0.436444 -115 2 12
3825 4.3867 -9.53884 0.446377 -115 2 13
3842 4.45315 -9.56302 0.453478 -115 2 14
3859 4.5196 -9.58721 0.457747 -115 2 15
3876 4.58604 -9.61139 0.459184 -115 2 16
3893 4.65249 -9.63558 0.457788 -115 2 16
3910 4.71894 -9.65977 0.45356 -115 2 17
3927 4.76425 -9.63863 0.4465 -115 2 18
3944 4.80957 -9.6175 0.436608 -115 2 19
3961 4.85488 -9.59637 0.423883 -115 2 20
3978 4.9002 -9.57524 0.408326 -115 2 21
3995 4.94551 -9.55411 0.389938 -115 2 22
4012 4.9697 -9.48767 0.368716 -115 2 23
4029 4.99388 -9.42122 0.344663 -115 2 24
4046 5.01806 -9.35477 0.317778 -115 2 24
4063 5.04225 -9.28833 0.28806 -115 2 25
4080 5.06643 -9.22188 0.25551 -115 2 26
4097 5.09062 -9.15543 0.220128 -115 2 27
4114 5.1148 -9.08899 0.181913 -115 2 28
4131 5.13899 -9.02254 0.140867 -115 2 29
4148 5.16317 -8.9561 0.0969883 -115 2 30
4165 5.18735 -8.88965 0.0502774 -115 2 31
4182 5.21154 -8.8232 0.000734329 -115 2 32
4199 5.23572 -8.75676 0 -115 1 2
4216 5.25991 -8.69031 0 -115 1 3
4233 5.28409 -8.62386 0 -115 1 4
4250 5.30828 -8.55742 0 -115 1 5
4267 5.33246 -8.49097 0 -115 1 6
4284 5.35664 -8.42453 0 -115 1 7
4301 5.38083 -8.35808 0 -115 1 8
4318 5.40501 -8.29163 0 -115 1 8
4335 5.4292 -8.22519 0 -115 1 9
4352 5.45338 -8.15874 0 -115 1 10
4369 5.47756 -8.09229 0 -115 1 11
4386 5.50175 -8.02585 0.0495839 -115 2 0
4403 5.52593 -7.9594 0.0963356 -115 2 1
4420 5.55012 -7.89296 0.140255 -115 2 2
4437 5.5743 -7.82651 0.181342 -115 2 3
4454 5.59849 -7.76006 0.219597 -115 2 4
4471 5.62267 -7.69362 0.25502 -115 2 5
4488 5.64685 -7.62717 0.287611 -115 2 6
4505 5.67104 -7.56072 0.31737 -115 2 7
4522 5.69522 -7.49428 0.344296 -115 2 8
4539 5.71941 -7.42783 0.36839 -115 2 8
4556 5.76472 -7.4067 0.389652 -115 2 9
4573 5.81004 -7.38557 0.408082 -115 2 10
4590 5.85535 -7.36444 0.423679 -115 2 11
4607 5.90067 -7.34331 0.436444 -115 2 12
4624 5.94598 -7.32218 0.446377 -115 2 13
4641 5.9913 -7.30104 0.453478 -115 2 14
4658 6.03661 -7.27991 0.457747 -115 2 15
4675 6.08193 -7.25878 0.459184 -115 2 16
4692 6.12724 -7.23765 0.457788 -115 2 16
4709 6.19369 -7.26184 0.45356 -115 2 17
4726 6.26014 -7.28602 0.4465 -115 2 18
4743 6.32658 -7.3102 0.436608 -115 2 19
4760 6.39303 -7.33439 0.423883 -115 2 20
4777 6.45948 -7.35857 0.408326 -115 2 21
4794 6.52592 -7.38276 0.389938 -115 2 22
4811 6.59237 -7.40694 0.368716 -115 2 23
4828 6.65881 -7.43113 0.344663 -115 2 24
4845 6.72526 -7.45531 0.317778 -115 2 24
4862 6.79171 -7.47949 0.28806 -115 2 25
4879 6.85815 -7.50368 0.25551 -115 2 26
4896 6.9246 -7.52786 0.220128 -115 2 27
4913 6.96992 -7.50673 0.181913 -115 2 28
4930 7.01523 -7.4856 0.140867 -115 2 29
4947 7.06055 -7.46447 0.0969883 -115 2 30
4964 7.10586 -7.44334 0.0502774 -115 2 31
4981 7.15118 -7.42221 0.000734329 -115 2 32
4998 7.17536 -7.35576 0 -115 1 19
5015 7.19954 -7.28931 0 -115 1 20
5032 7.22373 -7.22287 0 -115 1 21
5049 7.24791 -7.15642 0 -115 1 22
5066 7.2721 -7.08998 0 -115 1 0
5083 7.29628 -7.02353 0 -115 1 1
5100 7.32047 -6.95708 0 -115 1 2
5117 7.34465 -6.89064 0 -115 1 2
5134 7.36883 -6.82419 0 -115 1 3
5151 7.39302 -6.75774 0 -115 1 4
5168 7.4172 -6.6913 0 -115 1 5
5185 7.44139 -6.62485 0 -115 1 6
5202 7.47127 -6.56077 0 -110 1 7
5219 7.50663 -6.49953 0 -105 1 7
5236 7.54718 -6.44161 0 -100 1 8
5253 7.59264 -6.38744 0 -95 1 9
5270 7.64264 -6.33744 0 -90 1 10
5287 7.69681 -6.29199 0 -85 1 11
5304 7.74605 -6.30067 0 -80 1 12
5321 7.79434 -6.31361 0 -75 1 13
5338 7.84264 -6.32655 0 -75 1 13
5355 7.89093 -6.33949 0 -75 1 14
5372 7.93923 -6.35243 0 -75 1 15
5389 7.98753 -6.36537 0 -75 1 16
5406 8.03582 -6.37831 0 -75 1 17
5423 8.08412 -6.39125 0 -75 1 18
5440 8.13242 -6.4042 0 -75 1 19
5457 8.18071 -6.41714 0 -75 1 19
5474 8.22901 -6.43008 0 -75 1 20
5491 8.2773 -6.44302 0 -75 1 21
5508 8.3256 -6.45596 0 -75 1 22
5525 8.3739 -6.4689 0 -75 1 0
5542 8.42219 -6.48184 0 -75 1 1
5559 8.47049 -6.49478 0 -75 1 1
5576 8.51878 -6.50772 0 -75 1 2
5593 8.56708 -6.52066 0 -75 1 3
5610 8.61538 -6.5336 0 -75 1 4
5627 8.66367 -6.54655 0 -75 1 5
5644 8.71197 -6.55949 0 -75 1 6
5661 8.76026 -6.57243 0 -75 1 7
5678 8.80856 -6.58537 0 -75 1 7
5695 8.8698 -6.55001 0 -75 1 8
5712 8.93103 -6.51466 0 -75 1 9
5729 8.99227 -6.4793 0 -75 1 10
5746 9.05351 -6.44395 0 -75 1 11
5763 9.11475 -6.40859 0 -75 1 12
5780 9.17598 -6.37323 0 -75 1 13
5797 9.23722 -6.33788 0 -75 1 13
5814 9.28421 -6.35498 0 -70 1 14
5831 9.32952 -6.37611 0 -65 1 15
5848 9.37282 -6.40111 0 -60 1 16
5865 9.41378 -6.42979 0 -55 1 17
5882 9.45208 -6.46193 0.0495839 -50 2 0
5899 9.48744 -6.49728 0.0963356 -45 2 1
5916 9.52279 -6.53264 0.140255 -45 2 2
5933 9.55815 -6.568 0.181342 -45 2 3
5950 9.5935 -6.60335 0.219597 -45 2 4
5967 9.62886 -6.63871 0.25502 -45 2 5
5984 9.66422 -6.67406 0.287611 -45 2 6
6001 9.69957 -6.70942 0.31737 -45 2 7
6018 9.73493 -6.74477 0.344296 -45 2 8
6035 9.77028 -6.78013 0.36839 -45 2 8
6052 9.80564 -6.81548 0.389652 -45 2 9
6069 9.84099 -6.85084 0.408082 -45 2 10
6086 9.87635 -6.8862 0.423679 -45 2 11
6103 9.91171 -6.8862 0.436444 -45 2 12
6120 9.94706 -6.8862 0.446377 -45 2 13
6137 9.98242 -6.8862 0.453478 -45 2 14
6154 10.0178 -6.8862 0.457747 -45 2 15
6171 10.0531 -6.8862 0.459184 -45 2 16
6188 10.0885 -6.8862 0.457788 -45 2 16
6205 10.1238 -6.92155 0.45356 -45 2 17
6222 10.1592 -6.95691 0.4465 -45 2 18
6239 10.1945 -6.99226 0.436608 -45 2 19
6256 10.2299 -7.02762 0.423883 -45 2 20
6273 10.2653 -7.06297 0.408326 -45 2 21
6290 10.3006 -7.09833 0.389938 -45 2 22
6307 10.336 -7.13368 0.368716 -45 2 23
6324 10.3713 -7.16904 0.344663 -45 2 24
6341 10.4067 -7.2044 0.317778 -45 2 24
6358 10.442 -7.23975 0.28806 -45 2 25
6375 10.4774 -7.27511 0.25551 -45 2 26
6392 10.5127 -7.31046 0.220128 -45 2 27
6409 10.5481 -7.34582 0.181913 -45 2 28
6426 10.5835 -7.38117 0.140867 -45 2 29
6443 10.6188 -7.41653 0.0969883 -45 2 30
6460 10.6542 -7.45188 0.0502774 -45 2 31
6477 10.6895 -7.48724 0.000734329 -45 2 32
6494 10.7249 -7.5226 0 -45 1 2
6511 10.7602 -7.55795 0 -45 1 3
6528 10.7956 -7.59331 0 -45 1 4
6545 10.8309 -7.62866 0 -45 1 5
6562 10.8663 -7.66402 0 -45 1 6
6579 10.9017 -7.69937 0 -45 1 6
6596 10.937 -7.73473 0 -45 1 7
6613 10.9724 -7.77008 0 -45 1 8
6630 11.0428 -7.77625 0 -40 1 9
6647 11.1125 -7.78853 0 -35 1 10
6664 11.1808 -7.80683 0 -30 1 11
6681 11.2472 -7.83101 0 -25 1 12
6698 11.3113 -7.8609 0 -20 1 12
6715 11.3242 -7.90919 0 -15 1 13
6732 11.3329 -7.95843 0 -10 1 14
6749 11.3416 -8.00767 0 -10 1 15
6766 11.3503 -8.05691 0 -10 1 16
6783 11.359 -8.10615 0 -10 1 17
6800 11.3676 -8.15539 0 -10 1 18
6817 11.3763 -8.20463 0 -10 1 18
6834 11.385 -8.25387 0 -10 1 19
6851 11.3937 -8.30311 0 -10 1 20
6868 11.4024 -8.35235 0 -10 1 21
6885 11.411 -8.40159 0 -10 1 22
6902 11.4197 -8.45083 0 -10 1 0
6919 11.4284 -8.50007 0 -10 1 0
6936 11.4371 -8.54931 0 -10 1 1
6953 11.4458 -8.59855 0 -10 1 2
6970 11.4545 -8.64779 0 -10 1 3
6987 11.4631 -8.69703 0 -10 1 4
7004 11.4718 -8.74627 0 -10 1 5
7021 11.4805 -8.79552 0 -10 1 6
7038 11.4892 -8.84476 0 -10 1 6
7055 11.4979 -8.894 0 -10 1 7
7072 11.5066 -8.94324 0 -10 1 8
7089 11.5152 -8.99248 0 -10 1 9
7106 11.4747 -9.0504 0 -10 1 10
7123 11.4341 -9.10832 0 -10 1 11
7140 11.3936 -9.16624 0 -10 1 12
7157 11.353 -9.22416 0 -10 1 12
7174 11.3124 -9.28209 0 -10 1 13
7191 11.2719 -9.34001 0 -10 1 14
7208 11.2313 -9.39793 0 -10 1 15
7225 11.1908 -9.45585 0 -10 1 16
7242 11.1502 -9.51378 0 -10 1 17
7259 11.1097 -9.5717 0 -10 1 17
7276 11.0691 -9.62962 0 -10 1 18
7293 11.0285 -9.68754 0 -10 1 19
7310 10.988 -9.74547 0 -10 1 20
7327 10.9474 -9.80339 0 -10 1 21
7344 10.9069 -9.86131 0 -10 1 22
7361 10.8663 -9.86999 0 -10 1 0
7378 10.8258 -9.92792 0 -10 1 0
7395 10.7852 -9.98584 0 -10 1 1
7412 10.7446 -10.0438 0 -10 1 2
7429 10.7041 -10.1017 0 -10 1 3
7446 10.6635 -10.1596 0.0495839 -10 2 0
7463 10.623 -10.2175 0.0963356 -10 2 1
7480 10.5824 -10.2754 0.140255 -10 2 2
7497 10.5418 -10.3334 0.181342 -10 2 3
7514 10.5013 -10.3913 0.219597 -10 2 4
7531 10.4607 -10.4492 0.25502 -10 2 5
7548 10.4202 -10.5071 0.287611 -10 2 6
7565 10.3796 -10.5651 0.31737 -10 2 7
7582 10.3883 -10.6143 0.344296 -10 2 8
7599 10.397 -10.6635 0.36839 -10 2 8
7616 10.4057 -10.7128 0.389652 -10 2 9
7633 10.4143 -10.762 0.408082 -10 2 10
7650 10.423 -10.8113 0.423679 -10 2 11
7667 10.4317 -10.8605 0.436444 -10 2 12
7684 10.4404 -10.9097 0.446377 -10 2 13
7701 10.4491 -10.959 0.453478 -10 2 14
7718 10.4578 -11.0082 0.457747 -10 2 15
7735 10.4664 -11.0575 0.459184 -10 2 16
7752 10.4751 -11.1067 0.457788 -10 2 16
7769 10.4838 -11.1559 0.45356 -10 2 17
7786 10.4925 -11.2052 0.4465 -10 2 18
7803 10.5012 -11.2544 0.436608 -10 2 19
7820 10.5098 -11.3037 0.423883 -10 2 20
7837 10.5185 -11.3529 0.408326 -10 2 21
7854 10.5272 -11.4021 0.389938 -10 2 22
7871 10.5359 -11.4514 0.368716 -10 2 23
7888 10.5446 -11.5006 0.344663 -10 2 24
7905 10.5533 -11.5499 0.317778 -10 2 24
7922 10.5619 -11.5991 0.28806 -10 2 25
7939 10.5706 -11.6483 0.25551 -10 2 26
7956 10.5793 -11.6976 0.220128 -10 2 27
7973 10.588 -11.7468 0.181913 -10 2 28
7990 10.5967 -11.7961 0.140867 -10 2 29
8007 10.6054 -11.8453 0.0969883 -10 2 30
8024 10.614 -11.8945 0.0502774 -10 2 31
8041 10.5735 -11.9525 0.000734329 -10 2 32
8058 10.5329 -12.0104 0 -10 1 11
8075 10.4924 -12.0683 0 -10 1 12
8092 10.4518 -12.1262 0 -10 1 13
8109 10.4112 -12.1842 0 -10 1 14
8126 10.3707 -12.2421 0 -10 1 15
8143 10.3794 -12.2913 0 -10 1 16
8160 10.3881 -12.3406 0 -10 1 17
8177 10.401 -12.3889 0 -15 1 17
8194 10.4181 -12.4358 0 -20 1 18
8211 10.4392 -12.4812 0 -25 1 19
8228 10.4642 -12.5245 0 -30 1 20
8245 10.4892 -12.5678 0 -30 1 21
8262 10.5142 -12.6111 0 -30 1 22
8279 10.5392 -12.6544 0 -30 1 22
8296 10.5642 -12.6977 0 -30 1 0
8313 10.5892 -12.741 0 -30 1 1
8330 10.6142 -12.7843 0 -30 1 2
8347 10.6392 -12.8276 0 -30 1 3
8364 10.6642 -12.8709 0 -30 1 4
8381 10.6892 -12.9142 0 -30 1 5
8398 10.7142 -12.9575 0 -30 1 5
8415 10.7392 -13.0008 0 -30 1 6
8432 10.7642 -13.0441 0 -30 1 7
8449 10.7892 -13.0874 0 -30 1 8
8466 10.8142 -13.1307 0 -30 1 9
8483 10.8392 -13.174 0 -30 1 10
8500 10.8642 -13.2173 0 -30 1 11
8517 10.8892 -13.2606 0 -30 1 11
8534 10.9142 -13.3039 0 -30 1 12
8551 10.9392 -13.3472 0 -30 1 13
8568 10.9642 -13.3905 0 -30 1 14
8585 10.9892 -13.4338 0 -30 1 15
8602 11.0142 -13.4771 0 -30 1 16
8619 11.0392 -13.5204 0 -30 1 16
8636 11.0679 -13.5614 0 -35 1 17
8653 11.1 -13.5997 0 -40 1 18
8670 11.1354 -13.635 0 -45 1 19
8687 11.1737 -13.6671 0 -50 1 20
8704 11.2147 -13.6958 0 -55 1 21
8721 11.258 -13.7208 0 -60 1 22
8738 11.3033 -13.742 0 -65 1 22
8755 11.3503 -13.7591 0 -70 1 0
8772 11.3972 -13.7762 0 -70 1 1
8789 11.4442 -13.7933 0 -70 1 2
8806 11.4912 -13.8104 0 -70 1 3
8823 11.5382 -13.8275 0 -70 1 4
8840 11.5852 -13.8446 0 -70 1 5
8857 11.6322 -13.8617 0 -70 1 5
8874 11.6791 -13.8788 0 -70 1 6
8891 11.7261 -13.8959 0 -70 1 7
8908 11.7731 -13.913 0 -70 1 8
8925 11.8201 -13.9301 0 -70 1 9
8942 11.8671 -13.9472 0 -70 1 10
8959 11.85 -14.0113 0 -70 1 10
8976 11.8799 -14.0753 0 -70 1 11
8993 11.8628 -14.1394 0 -70 1 12
9010 11.8926 -14.2035 0 -70 1 13
9027 11.9225 -14.2676 0 -70 1 14
9044 11.9579 -14.3288 0 -75 1 15
9061 11.9984 -14.3868 0 -80 1 16
9078 12.0439 -14.4409 0 -85 1 16
9095 12.0939 -14.4909 0 -90 1 17
9112 12.1481 -14.5364 0 -95 1 18
9129 12.1973 -14.5277 0 -100 1 19
9146 12.2456 -14.5148 0 -105 1 20
9163 12.2926 -14.4977 0 -110 1 21
9180 12.3379 -14.4765 0 -115 1 22
9197 12.3832 -14.4554 0 -115 1 22
9214 12.4285 -14.4343 0 -115 1 0
9231 12.4738 -14.4131 0.0495839 -115 2 0
9248 12.5192 -14.392 0.0963356 -115 2 1
9265 12.5645 -14.3709 0.140255 -115 2 2
9282 12.6098 -14.3497 0.181342 -115 2 3
9299 12.6551 -14.3286 0.219597 -115 2 4
9316 12.7004 -14.3075 0.25502 -115 2 5
9333 12.7457 -14.2864 0.287611 -115 2 6
9350 12.7911 -14.2652 0.31737 -115 2 7
9367 12.8364 -14.2441 0.344296 -115 2 8
9384 12.8817 -14.223 0.36839 -115 2 8
9401 12.9481 -14.2471 0.389652 -115 2 9
9418 13.0146 -14.2713 0.408082 -115 2 10
9435 13.081 -14.2955 0.423679 -115 2 11
9452 13.1475 -14.3197 0.436444 -115 2 12
9469 13.2139 -14.3439 0.446377 -115 2 13
9486 13.2804 -14.3681 0.453478 -115 2 14
9503 13.3468 -14.3923 0.457747 -115 2 15
9520 13.4133 -14.4164 0.459184 -115 2 16
9537 13.4797 -14.4406 0.457788 -115 2 16
9554 13.5462 -14.4648 0.45356 -115 2 17
9571 13.6126 -14.489 0.4465 -115 2 18
9588 13.679 -14.5132 0.436608 -115 2 19
9605 13.7455 -14.5374 0.423883 -115 2 20
9622 13.8119 -14.5616 0.408326 -115 2 21
9639 13.8784 -14.5857 0.389938 -115 2 22
