368
17 0.5 -0.55 0 0 1 0
34 0.5 -0.6 0 0 1 1
51 0.5 -0.65 0 0 1 2
68 0.5 -0.7 0 0 1 3
85 0.5 -0.75 0 0 1 4
102 0.5 -0.8 0 0 1 5
119 0.5 -0.85 0 0 1 5
136 0.5 -0.9 0 0 1 6
153 0.5 -0.95 0 0 1 7
170 0.5 -1 0 0 1 8
187 0.5 -1.05 0 0 1 9
204 0.5 -1.1 0 0 1 10
221 0.5 -1.15 0 0 1 11
238 0.5 -1.2 0.0495839 0 2 0
255 0.5 -1.25 0.0963356 0 2 1
272 0.5 -1.3 0.140255 0 2 2
289 0.5 -1.35 0.181342 0 2 3
306 0.5 -1.4 0.219597 0 2 4
323 0.5 -1.45 0.25502 0 2 5
340 0.5 -1.5 0.287611 0 2 6
357 0.5 -1.55 0.31737 0 2 7
374 0.5 -1.6 0.344296 0 2 8
391 0.5 -1.65 0.36839 0 2 8
408 0.5 -1.7 0.389652 0 2 9
425 0.5 -1.75 0.408082 0 2 10
442 0.5 -1.8 0.423679 0 2 11
459 0.5 -1.85 0.436444 0 2 12
476 0.5 -1.9 0.446377 0 2 13
493 0.5 -1.95 0.453478 0 2 14
510 0.5 -2 0.457747 0 2 15
527 0.5 -2.05 0.459184 0 2 16
544 0.5 -2.1 0.457788 0 2 16
561 0.5 -2.15 0.45356 0 2 17
578 0.5 -2.2 0.4465 0 2 18
595 0.5 -2.25 0.436608 0 2 19
612 0.5 -2.3 0.423883 0 2 20
629 0.5 -2.35 0.408326 0 2 21
646 0.5 -2.4 0.389938 0 2 22
663 0.5 -2.45 0.368716 0 2 23
680 0.5 -2.5 0.344663 0 2 24
697 0.5 -2.55 0.317778 0 2 24
714 0.5 -2.6 0.28806 0 2 25
731 0.5 -2.65 0.25551 0 2 26
748 0.5 -2.7 0.220128 0 2 27
765 0.5 -2.75 0.181913 0 2 28
782 0.5 -2.8 0.140867 0 2 29
799 0.5 -2.85 0.0969883 0 2 30
816 0.5 -2.9 0.0502774 0 2 31
833 0.5 -2.95 0.000734329 0 2 32
850 0.5 -3 0 0 1 19
867 0.5 -3.05 0.0495839 0 2 0
884 0.5 -3.1 0.0963356 0 2 1
901 0.5 -3.15 0.140255 0 2 2
918 0.5 -3.2 0.181342 0 2 3
935 0.5 -3.25 0.219597 0 2 4
952 0.5 -3.3 0.25502 0 2 5
969 0.5 -3.35 0.287611 0 2 6
986 0.5 -3.4 0.31737 0 2 7
1003 0.5 -3.45 0.344296 0 2 8
1020 0.5 -3.5 0.36839 0 2 8
1037 0.5 -3.55 0.389652 0 2 9
1054 0.5 -3.6 0.408082 0 2 10
1071 0.5 -3.65 0.423679 0 2 11
1088 0.5 -3.7 0.436444 0 2 12
1105 0.5 -3.75 0.446377 0 2 13
1122 0.5 -3.8 0.453478 0 2 14
1139 0.5 -3.85 0.457747 0 2 15
1156 0.5 -3.9 0.459184 0 2 16
1173 0.5 -3.95 0.457788 0 2 16
1190 0.5 -4 0.45356 0 2 17
1207 0.5 -4.05 0.4465 0 2 18
1224 0.5 -4.1 0.436608 0 2 19
1241 0.5 -4.15 0.423883 0 2 20
1258 0.5 -4.2 0.408326 0 2 21
1275 0.5 -4.25 0.389938 0 2 22
1292 0.5 -4.3 0.368716 0 2 23
1309 0.5 -4.35 0.344663 0 2 24
1326 0.5 -4.4 0.317778 0 2 24
1343 0.5 -4.45 0.28806 0 2 25
1360 0.5 -4.5 0.25551 0 2 26
1377 0.5 -4.55 0.220128 0 2 27
1394 0.5 -4.6 0.181913 0 2 28
1411 0.5 -4.65 0.140867 0 2 29
1428 0.5 -4.7 0.0969883 0 2 30
1445 0.5 -4.75 0.0502774 0 2 31
1462 0.5 -4.8 0.000734329 0 2 32
1479 0.5 -4.85 0 0 1 4
1496 0.5 -4.9 0.0495839 0 2 0
1513 0.5 -4.95 0.0963356 0 2 1
1530 0.5 -5 0.140255 0 2 2
1547 0.5 -5.05 0.181342 0 2 3
1564 0.5 -5.1 0.219597 0 2 4
1581 0.5 -5.15 0.25502 0 2 5
1598 0.5 -5.2 0.287611 0 2 6
1615 0.5 -5.25 0.31737 0 2 7
1632 0.5 -5.3 0.344296 0 2 8
1649 0.5 -5.35 0.36839 0 2 8
1666 0.5 -5.4 0.389652 0 2 9
1683 0.5 -5.45 0.408082 0 2 10
1700 0.5 -5.5 0.423679 0 2 11
1717 0.5 -5.55 0.436444 0 2 12
1734 0.5 -5.6 0.446377 0 2 13
1751 0.5 -5.65 0.453478 0 2 14
1768 0.5 -5.7 0.457747 0 2 15
1785 0.5 -5.75 0.459184 0 2 16
1802 0.5 -5.8 0.457788 0 2 16
1819 0.5 -5.85 0.45356 0 2 17
1836 0.5 -5.9 0.4465 0 2 18
1853 0.5 -5.95 0.436608 0 2 19
1870 0.5 -6 0.423883 0 2 20
1887 0.5 -6.05 0.408326 0 2 21
1904 0.5 -6.10001 0.389938 0 2 22
1921 0.5 -6.15001 0.368716 0 2 23
1938 0.5 -6.20001 0.344663 0 2 24
1955 0.5 -6.25001 0.317778 0 2 24
1972 0.5 -6.30001 0.28806 0 2 25
1989 0.5 -6.35001 0.25551 0 2 26
2006 0.5 -6.40001 0.220128 0 2 27
2023 0.5 -6.45001 0.181913 0 2 28
2040 0.5 -6.50001 0.140867 0 2 29
2057 0.5 -6.55001 0.0969883 0 2 30
2074 0.5 -6.60001 0.0502774 0 2 31
2091 0.5 -6.65001 0.000734329 0 2 32
2108 0.5 -6.70001 0 0 1 13
2125 0.5 -6.75001 0.0495839 0 2 0
2142 0.5 -6.80001 0.0963356 0 2 1
2159 0.5 -6.85001 0.140255 0 2 2
2176 0.5 -6.90001 0.181342 0 2 3
2193 0.5 -6.95001 0.219597 0 2 4
2210 0.5 -7.00001 0.25502 0 2 5
2227 0.5 -7.05001 0.287611 0 2 6
2244 0.5 -7.10001 0.31737 0 2 7
2261 0.5 -7.15001 0.344296 0 2 8
2278 0.5 -7.20001 0.36839 0 2 8
2295 0.5 -7.25001 0.389652 0 2 9
2312 0.5 -7.30001 0.408082 0 2 10
2329 0.5 -7.35001 0.423679 0 2 11
2346 0.5 -7.40001 0.436444 0 2 12
2363 0.5 -7.45001 0.446377 0 2 13
2380 0.5 -7.50001 0.453478 0 2 14
2397 0.5 -7.55001 0.457747 0 2 15
2414 0.5 -7.60001 0.459184 0 2 16
2431 0.5 -7.65001 0.457788 0 2 16
2448 0.5 -7.70001 0.45356 0 2 17
2465 0.5 -7.75001 0.4465 0 2 18
2482 0.5 -7.80001 0.436608 0 2 19
2499 0.5 -7.85001 0.423883 0 2 20
2516 0.5 -7.90001 0.408326 0 2 21
2533 0.5 -7.95001 0.389938 0 2 22
2550 0.5 -8.00001 0.368716 0 2 23
2567 0.5 -8.05001 0.344663 0 2 24
2584 0.5 -8.10001 0.317778 0 2 24
2601 0.5 -8.15001 0.28806 0 2 25
2618 0.5 -8.20001 0.25551 0 2 26
2635 0.5 -8.25001 0.220128 0 2 27
2652 0.5 -8.30001 0.181913 0 2 28
2669 0.5 -8.35001 0.140867 0 2 29
2686 0.5 -8.40001 0.0969883 0 2 30
2703 0.5 -8.45001 0.0502774 0 2 31
2720 0.5 -8.50001 0.000734329 0 2 32
2737 0.5 -8.55001 0 0 1 21
2754 0.5 -8.60001 0.0495839 0 2 0
2771 0.5 -8.65001 0.0963356 0 2 1
2788 0.5 -8.70002 0.140255 0 2 2
2805 0.5 -8.75002 0.181342 0 2 3
2822 0.5 -8.80002 0.219597 0 2 4
2839 0.5 -8.85002 0.25502 0 2 5
2856 0.5 -8.90002 0.287611 0 2 6
2873 0.5 -8.95002 0.31737 0 2 7
2890 0.5 -9.00002 0.344296 0 2 8
2907 0.5 -9.05002 0.36839 0 2 8
2924 0.5 -9.10002 0.389652 0 2 9
2941 0.5 -9.15002 0.408082 0 2 10
2958 0.5 -9.20002 0.423679 0 2 11
2975 0.5 -9.25002 0.436444 0 2 12
2992 0.5 -9.30002 0.446377 0 2 13
3009 0.5 -9.35002 0.453478 0 2 14
3026 0.5 -9.40002 0.457747 0 2 15
3043 0.5 -9.45002 0.459184 0 2 16
3060 0.5 -9.50002 0.457788 0 2 16
3077 0.5 -9.55002 0.45356 0 2 17
3094 0.5 -9.60002 0.4465 0 2 18
3111 0.5 -9.65002 0.436608 0 2 19
3128 0.5 -9.70002 0.423883 0 2 20
3145 0.5 -9.75002 0.408326 0 2 21
3162 0.5 -9.80002 0.389938 0 2 22
3179 0.5 -9.85002 0.368716 0 2 23
3196 0.5 -9.90002 0.344663 0 2 24
3213 0.5 -9.95002 0.317778 0 2 24
3230 0.5 -10 0.28806 0 2 25
3247 0.5 -10.05 0.25551 0 2 26
3264 0.5 -10.1 0.220128 0 2 27
3281 0.5 -10.15 0.181913 0 2 28
3298 0.5 -10.2 0.140867 0 2 29
3315 0.5 -10.25 0.0969883 0 2 30
3332 0.5 -10.3 0.0502774 0 2 31
3349 0.5 -10.35 0.000734329 0 2 32
3366 0.5 -10.4 0 0 1 7
3383 0.5 -10.45 0.0495839 0 2 0
3400 0.5 -10.5 0.0963356 0 2 1
3417 0.5 -10.55 0.140255 0 2 2
3434 0.5 -10.6 0.181342 0 2 3
3451 0.5 -10.65 0.219597 0 2 4
3468 0.5 -10.7 0.25502 0 2 5
3485 0.5 -10.75 0.287611 0 2 6
3502 0.5 -10.8 0.31737 0 2 7
3519 0.5 -10.85 0.344296 0 2 8
3536 0.5 -10.9 0.36839 0 2 8
3553 0.5 -10.95 0.389652 0 2 9
3570 0.5 -11 0.408082 0 2 10
3587 0.5 -11.05 0.423679 0 2 11
3604 0.5 -11.1 0.436444 0 2 12
3621 0.5 -11.15 0.446377 0 2 13
3638 0.5 -11.2 0.453478 0 2 14
3655 0.5 -11.25 0.457747 0 2 15
3672 0.5 -11.3 0.459184 0 2 16
3689 0.5 -11.35 0.457788 0 2 16
3706 0.5 -11.4 0.45356 0 2 17
3723 0.5 -11.45 0.4465 0 2 18
3740 0.5 -11.5 0.436608 0 2 19
3757 0.5 -11.55 0.423883 0 2 20
3774 0.5 -11.6 0.408326 0 2 21
3791 0.5 -11.65 0.389938 0 2 22
3808 0.5 -11.7 0.368716 0 2 23
3825 0.5 -11.75 0.344663 0 2 24
3842 0.5 -11.8 0.317778 0 2 24
3859 0.5 -11.85 0.28806 0 2 25
3876 0.5 -11.9 0.25551 0 2 26
3893 0.5 -11.95 0.220128 0 2 27
3910 0.5 -12 0.181913 0 2 28
3927 0.5 -12.05 0.140867 0 2 29
3944 0.5 -12.1 0.0969883 0 2 30
3961 0.5 -12.15 0.0502774 0 2 31
3978 0.5 -12.2 0.000734329 0 2 32
3995 0.5 -12.25 0 0 1 15
4012 0.5 -12.3 0 0 1 16
4029 0.5 -12.35 0 0 1 17
4046 0.5 -12.4 0 0 1 18
4063 0.5 -12.45 0 0 1 19
4080 0.5 -12.5 0.0495839 0 2 0
4097 0.5 -12.55 0.0963356 0 2 1
4114 0.5 -12.6 0.140255 0 2 2
4131 0.5 -12.65 0.181342 0 2 3
4148 0.5 -12.7 0.219597 0 2 4
4165 0.5 -12.75 0.25502 0 2 5
4182 0.5 -12.8 0.287611 0 2 6
4199 0.5 -12.85 0.31737 0 2 7
4216 0.5 -12.9 0.344296 0 2 8
4233 0.5 -12.95 0.36839 0 2 8
4250 0.5 -13 0.389652 0 2 9
4267 0.5 -13.05 0.408082 0 2 10
4284 0.5 -13.1 0.423679 0 2 11
4301 0.5 -13.15 0.436444 0 2 12
4318 0.5 -13.2 0.446377 0 2 13
4335 0.5 -13.25 0.453478 0 2 14
4352 0.5 -13.3 0.457747 0 2 15
4369 0.5 -13.35 0.459184 0 2 16
4386 0.5 -13.4 0.457788 0 2 16
4403 0.5 -13.45 0.45356 0 2 17
4420 0.5 -13.5 0.4465 0 2 18
4437 0.5 -13.55 0.436608 0 2 19
4454 0.5 -13.6 0.423883 0 2 20
4471 0.5 -13.65 0.408326 0 2 21
4488 0.5 -13.7 0.389938 0 2 22
4505 0.5 -13.75 0.368716 0 2 23
4522 0.5 -13.8 0.344663 0 2 24
4539 0.5 -13.85 0.317778 0 2 24
4556 0.5 -13.9 0.28806 0 2 25
4573 0.5 -13.95 0.25551 0 2 26
4590 0.5 -14 0.220128 0 2 27
4607 0.5 -14.05 0.181913 0 2 28
4624 0.5 -14.1 0.140867 0 2 29
4641 0.5 -14.15 0.0969883 0 2 30
4658 0.5 -14.2 0.0502774 0 2 31
4675 0.5 -14.25 0.000734329 0 2 32
4692 0.5 -14.3 0 0 1 4
4709 0.5 -14.35 0 0 1 5
4726 0.5 -14.4 0 0 1 6
4743 0.5 -14.45 0 0 1 7
4760 0.5 -14.5 0.0495839 0 2 0
4777 0.5 -14.55 0.0963356 0 2 1
4794 0.5 -14.6 0.140255 0 2 2
4811 0.5 -14.65 0.181342 0 2 3
4828 0.5 -14.7 0.219597 0 2 4
4845 0.5 -14.75 0.25502 0 2 5
4862 0.5 -14.8 0.287611 0 2 6
4879 0.5 -14.85 0.31737 0 2 7
4896 0.5 -14.9 0.344296 0 2 8
4913 0.5 -14.95 0.36839 0 2 8
4930 0.5 -15 0.389652 0 2 9
4947 0.5 -15.05 0.408082 0 2 10
4964 0.5 -15.1 0.423679 0 2 11
4981 0.5 -15.15 0.436444 0 2 12
4998 0.5 -15.2 0.446377 0 2 13
5015 0.5 -15.25 0.453478 0 2 14
5032 0.5 -15.3 0.457747 0 2 15
5049 0.5 -15.35 0.459184 0 2 16
5066 0.5 -15.4 0.457788 0 2 16
5083 0.5 -15.45 0.45356 0 2 17
5100 0.5 -15.5 0.4465 0 2 18
5117 0.5 -15.55 0.436608 0 2 19
5134 0.5 -15.6 0.423883 0 2 20
5151 0.5 -15.65 0.408326 0 2 21
5168 0.5 -15.7 0.389938 0 2 22
5185 0.5 -15.75 0.368716 0 2 23
5202 0.5 -15.8 0.344663 0 2 24
5219 0.5 -15.85 0.317778 0 2 24
5236 0.5 -15.9 0.28806 0 2 25
5253 0.5 -15.95 0.25551 0 2 26
5270 0.5 -16 0.220128 0 2 27
5287 0.5 -16.05 0.181913 0 2 28
5304 0.5 -16.1 0.140867 0 2 29
5321 0.5 -16.15 0.0969883 0 2 30
5338 0.5 -16.2 0.0502774 0 2 31
5355 0.5 -16.25 0.000734329 0 2 32
5372 0.5 -16.3 0 0 1 15
5389 0.5 -16.35 0 0 1 16
5406 0.5 -16.4 0 0 1 17
5423 0.5 -16.45 0 0 1 18
5440 0.5 -16.5 0 0 1 19
5457 0.5 -16.55 0 0 1 19
5474 0.5 -16.6 0 0 1 20
5491 0.5 -16.65 0.0495839 0 2 0
5508 0.5 -16.7 0.0963356 0 2 1
5525 0.5 -16.75 0.140255 0 2 2
5542 0.5 -16.8 0.181342 0 2 3
5559 0.5 -16.85 0.219597 0 2 4
5576 0.5 -16.9 0.25502 0 2 5
5593 0.5 -16.95 0.287611 0 2 6
5610 0.5 -17 0.31737 0 2 7
5627 0.5 -17.05 0.344296 0 2 8
5644 0.5 -17.1 0.36839 0 2 8
5661 0.5 -17.15 0.389652 0 2 9
5678 0.5 -17.2 0.408082 0 2 10
5695 0.5 -17.25 0.423679 0 2 11
5712 0.5 -17.3 0.436444 0 2 12
5729 0.5 -17.35 0.446377 0 2 13
5746 0.5 -17.4 0.453478 0 2 14
5763 0.5 -17.45 0.457747 0 2 15
5780 0.5 -17.5 0.459184 0 2 16
5797 0.5 -17.55 0.457788 0 2 16
5814 0.5 -17.6 0.45356 0 2 17
5831 0.5 -17.65 0.4465 0 2 18
5848 0.5 -17.7 0.436608 0 2 19
5865 0.5 -17.75 0.423883 0 2 20
5882 0.5 -17.8 0.408326 0 2 21
5899 0.5 -17.85 0.389938 0 2 22
5916 0.5 -17.9 0.368716 0 2 23
5933 0.5 -17.95 0.344663 0 2 24
5950 0.5 -18 0.317778 0 2 24
5967 0.5 -18.05 0.28806 0 2 25
5984 0.5 -18.1 0.25551 0 2 26
6001 0.5 -18.15 0.220128 0 2 27
6018 0.5 -18.2 0.181913 0 2 28
6035 0.5 -18.25 0.140867 0 2 29
6052 0.5 -18.3 0.0969883 0 2 30
6069 0.5 -18.35 0.0502774 0 2 31
6086 0.5 -18.4 0.000734329 0 2 32
6103 0.5 -18.45 0 0 1 6
6120 0.5 -18.5 0 0 1 7
6137 0.5 -18.55 0 0 1 7
6154 0.5 -18.6 0 0 1 8
6171 0.5 -18.65 0 0 1 9
6188 0.5 -18.7 0 0 1 10
6205 0.5 -18.75 0 0 1 11
6222 0.5 -18.8 0 0 1 12
6239 0.5 -18.85 0 0 1 12
6256 0.5 -18.9 0 0 1 13
