274
17 0.5 -0.5 0 0 1 0
34 0.5 -0.55 0 0 1 1
51 0.5 -0.55 0 0 0 0
68 0.5 -0.55 0 0 0 0
85 0.5 -0.55 0 0 0 0
102 0.5 -0.55 0 0 0 1
119 0.5 -0.55 0 0 0 1
136 0.5 -0.55 0 0 0 1
153 0.5 -0.6 0 0 1 7
170 0.5 -0.65 0 0 1 8
187 0.5 -0.7 0 0 1 9
204 0.5 -0.75 0 0 1 10
221 0.5 -0.8 0 0 1 11
238 0.5 -0.85 0 0 1 11
255 0.5 -0.9 0 0 1 12
272 0.5 -0.95 0 0 1 13
289 0.5 -1 0 0 1 14
306 0.5 -1.05 0 0 1 15
323 0.5 -1.1 0 0 1 16
340 0.5 -1.15 0 0 1 17
357 0.5 -1.2 0 0 1 17
374 0.5 -1.25 0 0 1 18
391 0.5 -1.3 0 0 1 19
408 0.5 -1.35 0 0 1 20
425 0.5 -1.4 0 0 1 21
442 0.5 -1.45 0 0 1 22
459 0.5 -1.5 0 0 1 22
476 0.5 -1.55 0 0 1 0
493 0.5 -1.6 0 0 1 1
510 0.5 -1.65 0 0 1 2
527 0.5 -1.7 0 0 1 3
544 0.5 -1.75 0 0 1 4
561 0.5 -1.8 0 0 1 5
578 0.5 -1.85 0 0 1 5
595 0.5 -1.9 0 0 1 6
612 0.5 -1.95 0 0 1 7
629 0.5 -2 0 0 1 8
646 0.5 -2.05 0 0 1 9
663 0.5 -2.1 0 0 1 10
680 0.5 -2.15 0 0 1 11
697 0.5 -2.2 0 0 1 11
714 0.5 -2.25 0 0 1 12
731 0.5 -2.3 0 0 1 13
748 0.5 -2.35 0 0 1 14
765 0.5 -2.4 0 0 1 15
782 0.5 -2.45 0 0 1 16
799 0.5 -2.5 0 0 1 16
816 0.5 -2.55 0.0495839 0 2 0
833 0.5 -2.6 0.0963356 0 2 1
850 0.5 -2.65 0.140255 0 2 2
867 0.5 -2.7 0.181342 0 2 3
884 0.5 -2.75 0.219597 0 2 4
901 0.5 -2.8 0.25502 0 2 5
918 0.5 -2.85 0.287611 0 2 6
935 0.5 -2.9 0.31737 0 2 7
952 0.5 -2.95 0.344296 0 2 8
969 0.5 -3 0.36839 0 2 8
986 0.5 -3.05 0.389652 0 2 9
1003 0.5 -3.1 0.408082 0 2 10
1020 0.5 -3.15 0.423679 0 2 11
1037 0.5 -3.2 0.436444 0 2 12
1054 0.5 -3.25 0.446377 0 2 13
1071 0.5 -3.3 0.453478 0 2 14
1088 0.5 -3.35 0.457747 0 2 15
1105 0.5 -3.4 0.459184 0 2 16
1122 0.5 -3.45 0.457788 0 2 16
1139 0.5 -3.5 0.45356 0 2 17
1156 0.5 -3.55 0.4465 0 2 18
1173 0.5 -3.6 0.436608 0 2 19
1190 0.5 -3.65 0.423883 0 2 20
1207 0.5 -3.7 0.408326 0 2 21
1224 0.5 -3.75 0.389938 0 2 22
1241 0.5 -3.8 0.368716 0 2 23
1258 0.5 -3.85 0.344663 0 2 24
1275 0.5 -3.9 0.317778 0 2 24
1292 0.5 -3.95 0.28806 0 2 25
1309 0.5 -4 0.25551 0 2 26
1326 0.5 -4.05 0.220128 0 2 27
1343 0.5 -4.1 0.181913 0 2 28
1360 0.5 -4.15 0.140867 0 2 29
1377 0.5 -4.2 0.0969883 0 2 30
1394 0.5 -4.25 0.0502774 0 2 31
1411 0.5 -4.3 0.000734329 0 2 32
1428 0.5 -4.35 0 0 1 2
1445 0.5 -4.4 0 0 1 3
1462 0.5 -4.45 0 0 1 4
1479 0.5 -4.5 0 0 1 4
1496 0.5 -4.55 0 0 1 5
1513 0.5 -4.6 0 0 1 6
1530 0.5 -4.65 0 0 1 7
1547 0.5 -4.7 0 0 1 8
1564 0.5 -4.75 0 0 1 9
1581 0.5 -4.8 0 0 1 10
1598 0.5 -4.85 0 0 1 10
1615 0.5 -4.9 0 0 1 11
1632 0.5 -4.95 0 0 1 12
1649 0.5 -5 0 0 1 13
1666 0.5 -5.05 0 0 1 14
1683 0.5 -5.1 0 0 1 15
1700 0.5 -5.15 0 0 1 16
1717 0.5 -5.2 0 0 1 16
1734 0.5 -5.25 0 0 1 17
1751 0.5 -5.3 0 0 1 18
1768 0.5 -5.35 0 0 1 19
1785 0.5 -5.4 0 0 1 20
1802 0.5 -5.45 0 0 1 21
1819 0.5 -5.5 0 0 1 21
1836 0.5 -5.55 0 0 1 22
1853 0.5 -5.6 0 0 1 0
1870 0.5 -5.65 0 0 1 1
1887 0.5 -5.7 0 0 1 2
1904 0.5 -5.75 0 0 1 3
1921 0.5 -5.8 0 0 1 4
1938 0.5 -5.85 0 0 1 4
1955 0.5 -5.9 0 0 1 5
1972 0.5 -5.95 0 0 1 6
1989 0.5 -6 0 0 1 7
2006 0.5 -6.05 0 0 1 8
2023 0.5 -6.10001 0 0 1 9
2040 0.5 -6.15001 0 0 1 10
2057 0.5 -6.20001 0 0 1 10
2074 0.5 -6.25001 0 0 1 11
2091 0.5 -6.30001 0 0 1 12
2108 0.5 -6.35001 0 0 1 13
2125 0.5 -6.40001 0 0 1 14
2142 0.5 -6.45001 0 0 1 15
2159 0.5 -6.50001 0 0 1 15
2176 0.5 -6.55001 0 0 1 16
2193 0.5 -6.60001 0 0 1 17
2210 0.5 -6.65001 0 0 1 18
2227 0.5 -6.70001 0 0 1 19
2244 0.5 -6.75001 0 0 1 20
2261 0.5 -6.80001 0 0 1 21
2278 0.5 -6.85001 0 0 1 21
2295 0.5 -6.90001 0 0 1 22
2312 0.5 -6.95001 0 0 1 0
2329 0.5 -7.00001 0 0 1 1
2346 0.5 -7.05001 0 0 1 2
2363 0.5 -7.10001 0 0 1 3
2380 0.5 -7.15001 0 0 1 4
2397 0.5 -7.20001 0 0 1 4
2414 0.5 -7.25001 0 0 1 5
2431 0.5 -7.30001 0 0 1 6
2448 0.5 -7.35001 0 0 1 7
2465 0.5 -7.40001 0 0 1 8
2482 0.5 -7.45001 0 0 1 9
2499 0.5 -7.50001 0 0 1 9
2516 0.5 -7.55001 0 0 1 10
2533 0.5 -7.60001 0 0 1 11
2550 0.5 -7.65001 0 0 1 12
2567 0.5 -7.70001 0 0 1 13
2584 0.5 -7.75001 0 0 1 14
2601 0.5 -7.80001 0 0 1 15
2618 0.5 -7.85001 0 0 1 15
2635 0.5 -7.90001 0 0 1 16
2652 0.5 -7.95001 0 0 1 17
2669 0.5 -8.00001 0 0 1 18
2686 0.5 -8.05001 0 0 1 19
2703 0.5 -8.10001 0 0 1 20
2720 0.5 -8.15001 0 0 1 21
2737 0.5 -8.20001 0 0 1 21
2754 0.5 -8.25001 0 0 1 22
2771 0.5 -8.30001 0 0 1 0
2788 0.5 -8.35001 0 0 1 1
2805 0.5 -8.40001 0 0 1 2
2822 0.5 -8.45001 0 0 1 3
2839 0.5 -8.50001 0 0 1 3
2856 0.5 -8.55001 0 0 1 4
2873 0.5 -8.60001 0 0 1 5
2890 0.5 -8.65001 0 0 1 6
2907 0.5 -8.70002 0 0 1 7
2924 0.5 -8.75002 0 0 1 8
2941 0.5 -8.80002 0 0 1 9
2958 0.5 -8.85002 0.0495839 0 2 0
2975 0.5 -8.90002 0.0963356 0 2 1
2992 0.5 -8.95002 0.140255 0 2 2
3009 0.5 -9.00002 0.181342 0 2 3
3026 0.5 -9.05002 0.219597 0 2 4
3043 0.5 -9.10002 0.25502 0 2 5
3060 0.5 -9.15002 0.287611 0 2 6
3077 0.5 -9.20002 0.31737 0 2 7
3094 0.5 -9.25002 0.344296 0 2 8
3111 0.5 -9.30002 0.36839 0 2 8
3128 0.5 -9.35002 0.389652 0 2 9
3145 0.5 -9.40002 0.408082 0 2 10
3162 0.5 -9.45002 0.423679 0 2 11
3179 0.5 -9.50002 0.436444 0 2 12
3196 0.5 -9.55002 0.446377 0 2 13
3213 0.5 -9.60002 0.453478 0 2 14
3230 0.5 -9.65002 0.457747 0 2 15
3247 0.5 -9.70002 0.459184 0 2 16
3264 0.5 -9.75002 0.457788 0 2 16
3281 0.5 -9.80002 0.45356 0 2 17
3298 0.5 -9.85002 0.4465 0 2 18
3315 0.5 -9.90002 0.436608 0 2 19
3332 0.5 -9.95002 0.423883 0 2 20
3349 0.5 -10 0.408326 0 2 21
3366 0.5 -10.05 0.389938 0 2 22
3383 0.5 -10.1 0.368716 0 2 23
3400 0.5 -10.15 0.344663 0 2 24
3417 0.5 -10.2 0.317778 0 2 24
3434 0.5 -10.25 0.28806 0 2 25
3451 0.5 -10.3 0.25551 0 2 26
3468 0.5 -10.35 0.220128 0 2 27
3485 0.5 -10.4 0.181913 0 2 28
3502 0.5 -10.45 0.140867 0 2 29
3519 0.5 -10.5 0.0969883 0 2 30
3536 0.5 -10.55 0.0502774 0 2 31
3553 0.5 -10.6 0.000734329 0 2 32
3570 0.5 -10.65 0 0 1 17
3587 0.5 -10.7 0.0495839 0 2 0
3604 0.5 -10.75 0.0963356 0 2 1
3621 0.5 -10.8 0.140255 0 2 2
3638 0.5 -10.85 0.181342 0 2 3
3655 0.5 -10.9 0.219597 0 2 4
3672 0.5 -10.95 0.25502 0 2 5
3689 0.5 -11 0.287611 0 2 6
3706 0.5 -11.05 0.31737 0 2 7
3723 0.5 -11.1 0.344296 0 2 8
3740 0.5 -11.15 0.36839 0 2 8
3757 0.5 -11.2 0.389652 0 2 9
3774 0.5 -11.25 0.408082 0 2 10
3791 0.5 -11.3 0.423679 0 2 11
3808 0.5 -11.35 0.436444 0 2 12
3825 0.5 -11.4 0.446377 0 2 13
3842 0.5 -11.45 0.453478 0 2 14
3859 0.5 -11.5 0.457747 0 2 15
3876 0.5 -11.55 0.459184 0 2 16
3893 0.5 -11.6 0.457788 0 2 16
3910 0.5 -11.65 0.45356 0 2 17
3927 0.5 -11.7 0.4465 0 2 18
3944 0.5 -11.75 0.436608 0 2 19
3961 0.5 -11.8 0.423883 0 2 20
3978 0.5 -11.85 0.408326 0 2 21
3995 0.5 -11.9 0.389938 0 2 22
4012 0.5 -11.95 0.368716 0 2 23
4029 0.5 -12 0.344663 0 2 24
4046 0.5 -12.05 0.317778 0 2 24
4063 0.5 -12.1 0.28806 0 2 25
4080 0.5 -12.15 0.25551 0 2 26
4097 0.5 -12.2 0.220128 0 2 27
4114 0.5 -12.25 0.181913 0 2 28
4131 0.5 -12.3 0.140867 0 2 29
4148 0.5 -12.35 0.0969883 0 2 30
4165 0.5 -12.4 0.0502774 0 2 31
4182 0.5 -12.45 0.000734329 0 2 32
4199 0.5 -12.5 0 0 1 2
4216 0.5 -12.55 0 0 1 3
4233 0.5 -12.6 0 0 1 4
4250 0.5 -12.65 0 0 1 5
4267 0.5 -12.7 0 0 1 6
4284 0.5 -12.75 0 0 1 7
4301 0.5 -12.8 0 0 1 8
4318 0.5 -12.85 0 0 1 8
4335 0.5 -12.9 0 0 1 9
4352 0.5 -12.95 0 0 1 10
4369 0.5 -13 0 0 1 11
4386 0.5 -13.05 0 0 1 12
4403 0.5 -13.1 0 0 1 13
4420 0.5 -13.15 0 0 1 14
4437 0.5 -13.2 0 0 1 14
4454 0.5 -13.25 0 0 1 15
4471 0.5 -13.3 0 0 1 16
4488 0.5 -13.35 0 0 1 17
4505 0.5 -13.4 0 0 1 18
4522 0.5 -13.45 0 0 1 19
4539 0.5 -13.5 0 0 1 19
4556 0.5 -13.55 0 0 1 20
4573 0.5 -13.6 0 0 1 21
4590 0.5 -13.65 0 0 1 22
4607 0.5 -13.7 0 0 1 0
4624 0.5 -13.75 0 0 1 1
4641 0.5 -13.8 0 0 1 2
4658 0.5 -13.85 0 0 1 2
