400
17 0.5 -0.5 0 0 1 0
34 0.5 -0.55 0 0 1 1
51 0.5 -0.55 0 0 0 0
68 0.5 -0.55 0 0 0 0
85 0.5 -0.55 0 0 0 0
102 0.5 -0.55 0 0 0 1
119 0.5 -0.55 0 0 0 1
136 0.5 -0.55 0 0 0 1
153 0.5 -0.55 0 0 0 1
170 0.5 -0.55 0 0 0 1
187 0.5 -0.55 0 0 0 1
204 0.5 -0.55 0 0 0 2
221 0.5 -0.55 0 0 0 2
238 0.5 -0.55 0 0 0 2
255 0.5 -0.55 0 0 0 2
272 0.5 -0.55 0 0 0 2
289 0.5 -0.55 0 0 0 2
306 0.5 -0.55 0 0 0 3
323 0.5 -0.55 0 0 0 3
340 0.5 -0.55 0 0 0 3
357 0.5 -0.55 0 0 0 3
374 0.5 -0.55 0 0 0 3
391 0.5 -0.55 0 0 0 3
408 0.5 -0.55 0 0 0 4
425 0.5 -0.55 0 0 0 4
442 0.5 -0.6 0 0 1 22
459 0.5 -0.65 0 0 1 22
476 0.5 -0.7 0 0 1 0
493 0.5 -0.75 0 0 1 1
510 0.5 -0.8 0 0 1 2
527 0.5 -0.85 0 0 1 3
544 0.5 -0.9 0 0 1 4
561 0.5 -0.95 0 0 1 5
578 0.5 -1 0 0 1 5
595 0.5 -1 0 0 0 5
612 0.5 -1 0 0 0 6
629 0.5 -1 0 0 0 6
646 0.5 -1 0 0 0 6
663 0.5 -1 0 0 0 6
680 0.5 -1 0 0 0 6
697 0.5 -1 0 0 0 6
714 0.5 -1 0 0 0 7
731 0.5 -1 0 0 0 7
748 0.5 -1 0 0 0 7
765 0.5 -1.05 0 0 1 15
782 0.5 -1.1 0 0 1 16
799 0.5 -1.15 0 0 1 16
816 0.5 -1.2 0 0 1 17
833 0.5 -1.25 0 0 1 18
850 0.5 -1.3 0 0 1 19
867 0.5 -1.35 0 0 1 20
884 0.5 -1.4 0 0 1 21
901 0.5 -1.45 0 0 1 22
918 0.5 -1.5 0 0 1 22
935 0.5 -1.55 0 0 1 0
952 0.5 -1.6 0 0 1 1
969 0.5 -1.65 0 0 1 2
986 0.5 -1.7 0 0 1 3
1003 0.5 -1.75 0 0 1 4
1020 0.5 -1.8 0 0 1 5
1037 0.5 -1.85 0 0 1 5
1054 0.5 -1.9 0 0 1 6
1071 0.5 -1.95 0 0 1 7
1088 0.5 -2 0 0 1 8
1105 0.5 -2 0 0 0 11
1122 0.5 -2 0 0 0 11
1139 0.5 -2 0 0 0 11
1156 0.5 -2 0 0 0 11
1173 0.5 -2 0 0 0 11
1190 0.5 -2 0 0 0 11
1207 0.5 -2 0 0 0 12
1224 0.5 -2 0 0 0 12
1241 0.5 -2 0 0 0 12
1258 0.5 -2 0 0 0 12
1275 0.5 -2 0 0 0 12
1292 0.5 -2 0 0 0 12
1309 0.5 -2.05 0 0 1 19
1326 0.5 -2.1 0 0 1 20
1343 0.5 -2.15 0 0 1 21
1360 0.5 -2.2 0 0 1 22
1377 0.5 -2.25 0 0 1 22
1394 0.5 -2.3 0 0 1 0
1411 0.5 -2.35 0 0 1 1
1428 0.5 -2.4 0 0 1 2
1445 0.5 -2.45 0 0 1 3
1462 0.5 -2.5 0 0 1 4
1479 0.5 -2.55 0 0 1 4
1496 0.5 -2.6 0 0 1 5
1513 0.5 -2.65 0 0 1 6
1530 0.5 -2.7 0 0 1 7
1547 0.5 -2.75 0 0 1 8
1564 0.5 -2.8 0 0 1 9
1581 0.5 -2.85 0 0 1 10
1598 0.5 -2.9 0 0 1 10
1615 0.5 -2.95 0 0 1 11
1632 0.5 -2.95 0 0 0 16
1649 0.5 -2.95 0 0 0 16
1666 0.5 -2.95 0 0 0 16
1683 0.5 -2.95 0 0 0 16
1700 0.5 -2.95 0 0 0 17
1717 0.5 -2.95 0 0 0 17
1734 0.5 -2.95 0 0 0 17
1751 0.5 -2.95 0 0 0 17
1768 0.5 -2.95 0 0 0 17
1785 0.5 -2.95 0 0 0 17
1802 0.5 -2.95 0 0 0 18
1819 0.5 -2.95 0 0 0 18
1836 0.5 -2.95 0 0 0 18
1853 0.5 -2.95 0 0 0 18
1870 0.5 -3 0 0 1 1
1887 0.5 -3.05 0 0 1 2
1904 0.5 -3.1 0 0 1 3
1921 0.5 -3.15 0 0 1 4
1938 0.5 -3.2 0 0 1 4
1955 0.5 -3.25 0 0 1 5
1972 0.5 -3.3 0 0 1 6
1989 0.5 -3.35 0 0 1 7
2006 0.5 -3.4 0 0 1 8
2023 0.5 -3.45 0 0 1 9
2040 0.5 -3.5 0 0 1 10
2057 0.5 -3.55 0 0 1 10
2074 0.5 -3.6 0 0 1 11
2091 0.5 -3.65 0 0 1 12
2108 0.5 -3.7 0 0 1 13
2125 0.5 -3.7 0 0 0 21
2142 0.5 -3.7 0 0 0 21
2159 0.5 -3.7 0 0 0 21
2176 0.5 -3.7 0 0 0 21
2193 0.5 -3.7 0 0 0 21
2210 0.5 -3.7 0 0 0 22
2227 0.5 -3.7 0 0 0 22
2244 0.5 -3.7 0 0 0 22
2261 0.5 -3.7 0 0 0 22
2278 0.5 -3.7 0 0 0 22
2295 0.5 -3.7 0 0 0 22
2312 0.5 -3.75 0 0 1 0
2329 0.5 -3.8 0 0 1 1
2346 0.5 -3.85 0 0 1 2
2363 0.5 -3.9 0 0 1 3
2380 0.5 -3.95 0 0 1 4
2397 0.5 -4 0 0 1 4
2414 0.5 -4.05 0 0 1 5
2431 0.5 -4.1 0 0 1 6
2448 0.5 -4.15 0 0 1 7
2465 0.5 -4.2 0 0 1 8
2482 0.5 -4.25 0 0 1 9
2499 0.5 -4.3 0 0 1 9
2516 0.5 -4.35 0 0 1 10
2533 0.5 -4.4 0 0 1 11
2550 0.5 -4.45 0 0 1 12
2567 0.5 -4.5 0 0 1 13
2584 0.5 -4.55 0 0 1 14
2601 0.5 -4.6 0 0 1 15
2618 0.5 -4.6 0 0 0 26
2635 0.5 -4.6 0 0 0 26
2652 0.5 -4.6 0 0 0 26
2669 0.5 -4.6 0 0 0 26
2686 0.5 -4.6 0 0 0 26
2703 0.5 -4.6 0 0 0 27
2720 0.5 -4.6 0 0 0 27
2737 0.5 -4.6 0 0 0 27
2754 0.5 -4.6 0 0 0 27
2771 0.5 -4.6 0 0 0 27
2788 0.5 -4.6 0 0 0 27
2805 0.5 -4.6 0 0 0 28
2822 0.5 -4.6 0 0 0 28
2839 0.5 -4.6 0 0 0 28
2856 0.5 -4.65 0 0 1 4
2873 0.5 -4.7 0 0 1 5
2890 0.5 -4.75 0 0 1 6
2907 0.5 -4.8 0 0 1 7
2924 0.5 -4.85 0 0 1 8
2941 0.5 -4.9 0 0 1 9
2958 0.5 -4.95 0 0 1 9
2975 0.5 -5 0 0 1 10
2992 0.5 -5.05 0 0 1 11
3009 0.5 -5.1 0 0 1 12
3026 0.5 -5.15 0 0 1 13
3043 0.5 -5.2 0 0 1 14
3060 0.5 -5.25 0 0 1 15
3077 0.5 -5.3 0 0 1 15
3094 0.5 -5.35 0 0 1 16
3111 0.5 -5.4 0 0 1 17
3128 0.5 -5.45 0 0 1 18
3145 0.5 -5.5 0 0 1 19
3162 0.5 -5.55 0 0 1 20
3179 0.5 -5.6 0 0 1 20
3196 0.5 -5.65 0 0 1 21
3213 0.5 -5.7 0 0 1 22
3230 0.5 -5.75 0 0 1 0
3247 0.5 -5.8 0 0 1 1
3264 0.5 -5.8 0 0 0 32
3281 0.5 -5.8 0 0 0 32
3298 0.5 -5.8 0 0 0 32
3315 0.5 -5.8 0 0 0 33
3332 0.5 -5.8 0 0 0 33
3349 0.5 -5.8 0 0 0 33
3366 0.5 -5.8 0 0 0 33
3383 0.5 -5.8 0 0 0 33
3400 0.5 -5.8 0 0 0 34
3417 0.5 -5.85 0 0 1 9
3434 0.5 -5.9 0 0 1 10
3451 0.5 -5.95 0 0 1 11
3468 0.5 -6 0 0 1 12
3485 0.5 -6.05 0 0 1 13
3502 0.5 -6.10001 0 0 1 14
3519 0.5 -6.15001 0 0 1 14
3536 0.5 -6.20001 0 0 1 15
3553 0.5 -6.25001 0 0 1 16
3570 0.5 -6.30001 0 0 1 17
3587 0.5 -6.35001 0 0 1 18
3604 0.5 -6.40001 0 0 1 19
3621 0.5 -6.45001 0 0 1 20
3638 0.5 -6.50001 0 0 1 20
3655 0.5 -6.55001 0 0 1 21
3672 0.5 -6.60001 0 0 1 22
3689 0.5 -6.65001 0 0 1 0
3706 0.5 -6.70001 0 0 1 1
3723 0.5 -6.75001 0 0 1 2
3740 0.5 -6.80001 0 0 1 3
3757 0.5 -6.85001 0 0 1 3
3774 0.5 -6.90001 0 0 1 4
3791 0.5 -6.95001 0 0 1 5
3808 0.5 -7.00001 0 0 1 6
3825 0.5 -7.05001 0 0 1 7
3842 0.5 -7.10001 0 0 1 8
3859 0.5 -7.15001 0 0 1 8
3876 0.5 -7.20001 0 0 1 9
3893 0.5 -7.25001 0 0 1 10
3910 0.5 -7.30001 0 0 1 11
3927 0.5 -7.35001 0 0 1 12
3944 0.5 -7.35001 0 0 0 39
3961 0.5 -7.35001 0 0 0 39
3978 0.5 -7.35001 0 0 0 39
3995 0.5 -7.35001 0 0 0 39
4012 0.5 -7.35001 0 0 0 40
4029 0.5 -7.35001 0 0 0 40
4046 0.5 -7.35001 0 0 0 40
4063 0.5 -7.35001 0 0 0 40
4080 0.5 -7.35001 0 0 0 40
4097 0.5 -7.40001 0 0 1 20
4114 0.5 -7.45001 0 0 1 21
4131 0.5 -7.50001 0 0 1 22
4148 0.5 -7.55001 0 0 1 0
4165 0.5 -7.60001 0 0 1 1
4182 0.5 -7.65001 0 0 1 2
4199 0.5 -7.70001 0 0 1 2
4216 0.5 -7.75001 0 0 1 3
4233 0.5 -7.80001 0 0 1 4
4250 0.5 -7.85001 0 0 1 5
4267 0.5 -7.90001 0 0 1 6
4284 0.5 -7.95001 0 0 1 7
4301 0.5 -8.00001 0 0 1 8
4318 0.5 -8.05001 0 0 1 8
4335 0.5 -8.10001 0 0 1 9
4352 0.5 -8.15001 0 0 1 10
4369 0.5 -8.20001 0 0 1 11
4386 0.5 -8.25001 0 0 1 12
4403 0.5 -8.30001 0 0 1 13
4420 0.5 -8.35001 0 0 1 14
4437 0.5 -8.40001 0 0 1 14
4454 0.5 -8.45001 0 0 1 15
4471 0.5 -8.50001 0 0 1 16
4488 0.5 -8.55001 0 0 1 17
4505 0.5 -8.60001 0 0 1 18
4522 0.5 -8.60001 0 0 0 4
4539 0.5 -8.60001 0 0 0 4
4556 0.5 -8.60001 0 0 0 4
4573 0.5 -8.60001 0 0 0 4
4590 0.5 -8.60001 0 0 0 4
4607 0.5 -8.60001 0 0 0 5
4624 0.5 -8.60001 0 0 0 5
4641 0.5 -8.60001 0 0 0 5
4658 0.5 -8.60001 0 0 0 5
4675 0.5 -8.65001 0 0 1 3
4692 0.5 -8.70002 0 0 1 4
4709 0.5 -8.75002 0 0 1 5
4726 0.5 -8.80002 0 0 1 6
4743 0.5 -8.85002 0 0 1 7
4760 0.5 -8.90002 0 0 1 8
4777 0.5 -8.95002 0 0 1 8
4794 0.5 -9.00002 0 0 1 9
4811 0.5 -9.05002 0 0 1 10
4828 0.5 -9.10002 0 0 1 11
4845 0.5 -9.15002 0 0 1 12
4862 0.5 -9.20002 0 0 1 13
4879 0.5 -9.25002 0 0 1 13
4896 0.5 -9.30002 0 0 1 14
4913 0.5 -9.35002 0 0 1 15
4930 0.5 -9.40002 0 0 1 16
4947 0.5 -9.45002 0 0 1 17
4964 0.5 -9.50002 0 0 1 18
4981 0.5 -9.55002 0 0 1 19
4998 0.5 -9.60002 0 0 1 19
5015 0.5 -9.65002 0 0 1 20
5032 0.5 -9.65002 0 0 0 9
5049 0.5 -9.65002 0 0 0 9
5066 0.5 -9.65002 0 0 0 9
5083 0.5 -9.65002 0 0 0 9
5100 0.5 -9.65002 0 0 0 10
5117 0.5 -9.65002 0 0 0 10
5134 0.5 -9.65002 0 0 0 10
5151 0.5 -9.65002 0 0 0 10
5168 0.5 -9.65002 0 0 0 10
5185 0.5 -9.65002 0 0 0 10
5202 0.5 -9.65002 0 0 0 11
5219 0.5 -9.70002 0 0 1 7
5236 0.5 -9.75002 0 0 1 8
5253 0.5 -9.80002 0 0 1 9
5270 0.5 -9.85002 0 0 1 10
5287 0.5 -9.90002 0 0 1 11
5304 0.5 -9.95002 0 0 1 12
5321 0.5 -10 0 0 1 13
5338 0.5 -10.05 0 0 1 13
5355 0.5 -10.1 0 0 1 14
5372 0.5 -10.15 0 0 1 15
5389 0.5 -10.2 0 0 1 16
5406 0.5 -10.25 0 0 1 17
5423 0.5 -10.3 0 0 1 18
5440 0.5 -10.35 0 0 1 19
5457 0.5 -10.4 0 0 1 19
5474 0.5 -10.45 0 0 1 20
5491 0.5 -10.5 0 0 1 21
5508 0.5 -10.55 0 0 1 22
5525 0.5 -10.6 0 0 1 0
5542 0.5 -10.65 0 0 1 1
5559 0.5 -10.7 0 0 1 1
5576 0.5 -10.75 0 0 1 2
5593 0.5 -10.8 0 0 1 3
5610 0.5 -10.85 0 0 1 4
5627 0.5 -10.85 0 0 0 15
5644 0.5 -10.85 0 0 0 15
5661 0.5 -10.85 0 0 0 15
5678 0.5 -10.85 0 0 0 15
5695 0.5 -10.85 0 0 0 15
5712 0.5 -10.85 0 0 0 16
5729 0.5 -10.85 0 0 0 16
5746 0.5 -10.85 0 0 0 16
5763 0.5 -10.85 0 0 0 16
5780 0.5 -10.85 0 0 0 16
5797 0.5 -10.9 0 0 1 13
5814 0.5 -10.95 0 0 1 14
5831 0.5 -11 0 0 1 15
5848 0.5 -11.05 0 0 1 16
5865 0.5 -11.1 0 0 1 17
5882 0.5 -11.15 0 0 1 18
5899 0.5 -11.2 0 0 1 18
5916 0.5 -11.25 0 0 1 19
5933 0.5 -11.3 0 0 1 20
5950 0.5 -11.35 0 0 1 21
5967 0.5 -11.4 0 0 1 22
5984 0.5 -11.45 0 0 1 0
6001 0.5 -11.5 0 0 1 1
6018 0.5 -11.55 0 0 1 1
6035 0.5 -11.6 0 0 1 2
6052 0.5 -11.65 0 0 1 3
6069 0.5 -11.7 0 0 1 4
6086 0.5 -11.75 0 0 1 5
6103 0.5 -11.8 0 0 1 6
6120 0.5 -11.85 0 0 1 7
6137 0.5 -11.9 0 0 1 7
6154 0.5 -11.95 0 0 1 8
6171 0.5 -12 0 0 1 9
6188 0.5 -12.05 0 0 1 10
6205 0.5 -12.1 0 0 1 11
6222 0.5 -12.15 0 0 1 12
6239 0.5 -12.2 0 0 1 12
6256 0.5 -12.25 0 0 1 13
6273 0.5 -12.3 0 0 1 14
6290 0.5 -12.35 0 0 1 15
6307 0.5 -12.4 0 0 1 16
6324 0.5 -12.45 0 0 1 17
6341 0.5 -12.5 0 0 1 18
6358 0.5 -12.55 0 0 1 18
6375 0.5 -12.6 0 0 1 19
6392 0.5 -12.65 0 0 1 20
6409 0.5 -12.7 0.0495839 0 2 0
6426 0.5 -12.75 0.0963356 0 2 1
6443 0.5 -12.8 0.140255 0 2 2
6460 0.5 -12.85 0.181342 0 2 3
6477 0.5 -12.9 0.219597 0 2 4
6494 0.5 -12.95 0.25502 0 2 5
6511 0.5 -13 0.287611 0 2 6
6528 0.5 -13.05 0.31737 0 2 7
6545 0.5 -13.1 0.344296 0 2 8
6562 0.5 -13.15 0.36839 0 2 8
6579 0.5 -13.2 0.389652 0 2 9
6596 0.5 -13.25 0.408082 0 2 10
6613 0.5 -13.3 0.423679 0 2 11
6630 0.5 -13.35 0.436444 0 2 12
6647 0.5 -13.4 0.446377 0 2 13
6664 0.5 -13.45 0.453478 0 2 14
6681 0.5 -13.5 0.457747 0 2 15
6698 0.5 -13.55 0.459184 0 2 16
6715 0.5 -13.6 0.457788 0 2 16
6732 0.5 -13.65 0.45356 0 2 17
6749 0.5 -13.7 0.4465 0 2 18
6766 0.5 -13.75 0.436608 0 2 19
6783 0.5 -13.8 0.423883 0 2 20
6800 0.5 -13.85 0.408326 0 2 21
