807
17 0.5 -0.5 0 0 1 0
34 0.5 -0.55 0 0 1 1
51 0.5 -0.55 0 0 0 0
68 0.5 -0.55 0 0 0 0
85 0.5 -0.55 0 0 0 0
102 0.5 -0.55 0 0 0 1
119 0.5 -0.55 0 0 0 1
136 0.5 -0.55 0 0 0 1
153 0.5 -0.55 0 0 0 1
170 0.5 -0.55 0 0 0 1
187 0.5 -0.55 0 0 0 1
204 0.5 -0.55 0 0 0 2
221 0.5 -0.55 0 0 0 2
238 0.5 -0.55 0 0 0 2
255 0.5 -0.55 0 0 0 2
272 0.5 -0.55 0 0 0 2
289 0.5 -0.55 0 0 0 2
306 0.5 -0.55 0 0 0 3
323 0.5 -0.55 0 0 0 3
340 0.5 -0.55 0 0 0 3
357 0.5 -0.55 0 0 0 3
374 0.5 -0.55 0 0 0 3
391 0.5 -0.55 0 0 0 3
408 0.5 -0.55 0 0 0 4
425 0.5 -0.55 0 0 0 4
442 0.5 -0.55 0 0 0 4
459 0.5 -0.55 0 0 0 4
476 0.5 -0.55 0 0 0 4
493 0.5 -0.55 0 0 0 4
510 0.5 -0.55 0 0 0 5
527 0.5 -0.55 0 0 0 5
544 0.5 -0.55 0 0 0 5
561 0.5 -0.55 0 0 0 5
578 0.5 -0.6 0 0 1 5
595 0.5 -0.65 0 0 1 6
612 0.5 -0.7 0 0 1 7
629 0.5 -0.75 0 0 1 8
646 0.5 -0.8 0 0 1 9
663 0.483 -0.85 0 0 1 10
680 0.466 -0.9 0 0 1 11
697 0.449 -0.95 0 0 1 11
714 0.432 -1 0 0 1 12
731 0.415 -1.05 0 0 1 13
748 0.398 -1.1 0 0 1 14
765 0.381 -1.15 0 0 1 15
782 0.364 -1.2 0 0 1 16
799 0.347 -1.2 0 0 0 7
816 0.33 -1.2 0 0 0 8
833 0.313 -1.2 0 0 0 8
850 0.296 -1.2 0 0 0 8
867 0.279 -1.2 0 0 0 8
884 0.262 -1.2 0 0 0 8
901 0.245 -1.2 0 0 0 9
918 0.228 -1.2 0 0 0 9
935 0.211 -1.2 0 0 0 9
952 0.194 -1.2 0 0 0 9
969 0.177 -1.2 0 0 0 9
986 0.16 -1.2 0 0 0 9
1003 0.143 -1.2 0 0 0 10
1020 0.143 -1.217 0 0 0 10
1037 0.143 -1.234 0 0 0 10
1054 0.143 -1.251 0 0 0 10
1071 0.143 -1.268 0 0 0 10
1088 0.143 -1.285 0 0 0 10
1105 0.143 -1.302 0 0 0 11
1122 0.143 -1.319 0 0 0 11
1139 0.143 -1.336 0 0 0 11
1156 0.143 -1.353 0 0 0 11
1173 0.143 -1.37 0 0 0 11
1190 0.143 -1.387 0 0 0 11
1207 0.143 -1.404 0 0 0 12
1224 0.143 -1.421 0 0 0 12
1241 0.143 -1.488 0 0 1 16
1258 0.143 -1.555 0 0 1 16
1275 0.143 -1.622 0 0 1 17
1292 0.143 -1.689 0 0 1 18
1309 0.143 -1.756 0 0 1 19
1326 0.143 -1.823 0 0 1 20
1343 0.193 -1.84 0 0 1 21
1360 0.243 -1.857 0 0 1 22
1377 0.293 -1.874 0 0 1 22
1394 0.343 -1.891 0 0 1 0
1411 0.393 -1.908 0 0 1 1
1428 0.443 -1.925 0 0 1 2
1445 0.443 -1.942 0 0 0 14
1462 0.443 -1.959 0 0 0 14
1479 0.443 -1.976 0 0 0 14
1496 0.443 -1.993 0 0 0 14
1513 0.443 -2.01 0 0 0 15
1530 0.443 -2.027 0 0 0 15
1547 0.443 -2.044 0 0 0 15
1564 0.443 -2.061 0 0 0 15
1581 0.443 -2.078 0 0 0 15
1598 0.443 -2.095 0 0 0 15
1615 0.443 -2.112 0 0 0 16
1632 0.443 -2.129 0 0 0 16
1649 0.443 -2.146 0 0 0 16
1666 0.443 -2.163 0 0 0 16
1683 0.443 -2.18 0 0 0 16
1700 0.443 -2.197 0 0 0 17
1717 0.443 -2.214 0 0 0 17
1734 0.443 -2.231 0 0 0 17
1751 0.443 -2.248 0 0 0 17
1768 0.443 -2.265 0 0 0 17
1785 0.443 -2.282 0 0 0 17
1802 0.443 -2.299 0 0 0 18
1819 0.443 -2.316 0 0 0 18
1836 0.443 -2.333 0 0 0 18
1853 0.443 -2.35 0 0 0 18
1870 0.443 -2.367 0 0 0 18
1887 0.443 -2.384 0 0 0 18
1904 0.443 -2.401 0 0 0 19
1921 0.443 -2.418 0 0 0 19
1938 0.443 -2.435 0 0 0 19
1955 0.443 -2.452 0 0 0 19
1972 0.443 -2.469 0 0 0 19
1989 0.443 -2.486 0 0 0 19
2006 0.443 -2.503 0 0 0 20
2023 0.443 -2.52 0 0 0 20
2040 0.443 -2.537 0 0 0 20
2057 0.443 -2.554 0 0 0 20
2074 0.443 -2.571 0 0 0 20
2091 0.443 -2.588 0 0 0 20
2108 0.443 -2.605 0 0 0 21
2125 0.443 -2.622 0 0 0 21
2142 0.443 -2.639 0 0 0 21
2159 0.443 -2.656 0 0 0 21
2176 0.443 -2.673 0 0 0 21
2193 0.443 -2.69 0 0 0 21
2210 0.443 -2.707 0 0 0 22
2227 0.443 -2.724 0 0 0 22
2244 0.443 -2.741 0 0 0 22
2261 0.443 -2.758 0 0 0 22
2278 0.443 -2.775 0 0 0 22
2295 0.443 -2.792 0 0 0 22
2312 0.443 -2.809 0 0 0 23
2329 0.443 -2.826 0 0 0 23
2346 0.443 -2.843 0 0 0 23
2363 0.443 -2.86 0 0 0 23
2380 0.443 -2.877 0 0 0 23
2397 0.443 -2.894 0 0 0 23
2414 0.443 -2.911 0 0 0 24
2431 0.443 -2.928 0 0 0 24
2448 0.443 -2.945 0 0 0 24
2465 0.443 -2.962 0 0 0 24
2482 0.443 -2.979 0 0 0 24
2499 0.443 -2.996 0 0 0 24
2516 0.443 -3.013 0 0 0 25
2533 0.443 -3.03 0 0 0 25
2550 0.443 -3.047 0 0 0 25
2567 0.443 -3.064 0 0 0 25
2584 0.443 -3.081 0 0 0 25
2601 0.443 -3.098 0 0 0 26
2618 0.443 -3.115 0 0 0 26
2635 0.443 -3.132 0 0 0 26
2652 0.443 -3.149 0 0 0 26
2669 0.443 -3.166 0 0 0 26
2686 0.443 -3.183 0 0 0 26
2703 0.443 -3.2 0 0 0 27
2720 0.443 -3.217 0 0 0 27
2737 0.443 -3.234 0 0 0 27
2754 0.443 -3.251 0 0 0 27
2771 0.443 -3.268 0 0 0 27
2788 0.443 -3.285 0 0 0 27
2805 0.443 -3.302 0 0 0 28
2822 0.443 -3.319 0 0 0 28
2839 0.443 -3.336 0 0 0 28
2856 0.443 -3.353 0 0 0 28
2873 0.443 -3.37 0 0 0 28
2890 0.443 -3.387 0 0 0 28
2907 0.443 -3.404 0 0 0 29
2924 0.443 -3.421 0 0 0 29
2941 0.443 -3.438 0 0 0 29
2958 0.443 -3.455 0 0 0 29
2975 0.443 -3.472 0 0 0 29
2992 0.443 -3.489 0 0 0 29
3009 0.443 -3.506 0 0 0 30
3026 0.46 -3.506 0 0 0 30
3043 0.477 -3.506 0 0 0 30
3060 0.494 -3.506 0 0 0 30
3077 0.511 -3.506 0 0 0 30
3094 0.528 -3.506 0 0 0 30
3111 0.545 -3.506 0 0 0 31
3128 0.562 -3.506 0 0 0 31
3145 0.579 -3.506 0 0 0 31
3162 0.596 -3.506 0 0 0 31
3179 0.613 -3.506 0 0 0 31
3196 0.63 -3.506 0 0 0 31
3213 0.647 -3.506 0 0 0 32
3230 0.664 -3.506 0 0 0 32
3247 0.681 -3.506 0 0 0 32
3264 0.698 -3.506 0 0 0 32
3281 0.715 -3.506 0 0 0 32
3298 0.732 -3.506 0 0 0 32
3315 0.749 -3.506 0 0 0 33
3332 0.766 -3.506 0 0 0 33
3349 0.783 -3.506 0 0 0 33
3366 0.8 -3.506 0 0 0 33
3383 0.817 -3.506 0 0 0 33
3400 0.834 -3.506 0 0 0 34
3417 0.851 -3.506 0 0 0 34
3434 0.868001 -3.506 0 0 0 34
3451 0.885001 -3.506 0 0 0 34
3468 0.902001 -3.506 0 0 0 34
3485 0.919001 -3.506 0 0 0 34
3502 0.936001 -3.506 0 0 0 35
3519 0.953001 -3.506 0 0 0 35
3536 0.970001 -3.506 0 0 0 35
3553 0.987001 -3.506 0 0 0 35
3570 1.004 -3.506 0 0 0 35
3587 1.021 -3.506 0 0 0 35
3604 1.038 -3.506 0 0 0 36
3621 1.055 -3.506 0 0 0 36
3638 1.072 -3.506 0 0 0 36
3655 1.089 -3.506 0 0 0 36
3672 1.106 -3.506 0 0 0 36
3689 1.123 -3.506 0 0 0 36
3706 1.14 -3.506 0 0 0 37
3723 1.157 -3.506 0 0 0 37
3740 1.174 -3.506 0 0 0 37
3757 1.191 -3.506 0 0 0 37
3774 1.208 -3.506 0 0 0 37
3791 1.225 -3.506 0 0 0 37
3808 1.242 -3.506 0 0 0 38
3825 1.259 -3.506 0 0 0 38
3842 1.276 -3.506 0 0 0 38
3859 1.293 -3.506 0 0 0 38
3876 1.31 -3.506 0 0 0 38
3893 1.327 -3.506 0 0 0 38
3910 1.344 -3.506 0 0 0 39
3927 1.361 -3.506 0 0 0 39
3944 1.378 -3.506 0 0 0 39
3961 1.395 -3.506 0 0 0 39
3978 1.412 -3.506 0 0 0 39
3995 1.429 -3.506 0 0 0 39
4012 1.446 -3.506 0 0 0 40
4029 1.463 -3.506 0 0 0 40
4046 1.48 -3.506 0 0 0 40
4063 1.497 -3.506 0 0 0 40
4080 1.514 -3.506 0 0 0 40
4097 1.531 -3.506 0 0 0 40
4114 1.548 -3.506 0 0 0 0
4131 1.565 -3.506 0 0 0 0
4148 1.582 -3.506 0 0 0 0
4165 1.599 -3.506 0 0 0 0
4182 1.616 -3.506 0 0 0 0
4199 1.633 -3.506 0 0 0 0
4216 1.65 -3.506 0 0 0 1
4233 1.667 -3.506 0 0 0 1
4250 1.684 -3.506 0 0 0 1
4267 1.701 -3.506 0 0 0 1
4284 1.718 -3.506 0 0 0 1
4301 1.735 -3.506 0 0 0 2
4318 1.752 -3.506 0 0 0 2
4335 1.769 -3.506 0 0 0 2
4352 1.786 -3.506 0 0 0 2
4369 1.803 -3.506 0 0 0 2
4386 1.82 -3.506 0 0 0 2
4403 1.837 -3.506 0 0 0 3
4420 1.854 -3.506 0 0 0 3
4437 1.871 -3.506 0 0 0 3
4454 1.888 -3.506 0 0 0 3
4471 1.905 -3.506 0 0 0 3
4488 1.922 -3.506 0 0 0 3
4505 1.939 -3.506 0 0 0 4
4522 1.956 -3.506 0 0 0 4
4539 1.973 -3.506 0 0 0 4
4556 1.99 -3.506 0 0 0 4
4573 2.007 -3.506 0 0 0 4
4590 2.024 -3.506 0 0 0 4
4607 2.041 -3.506 0 0 0 5
4624 2.058 -3.506 0 0 0 5
4641 2.075 -3.506 0 0 0 5
4658 2.092 -3.506 0 0 0 5
4675 2.109 -3.506 0 0 0 5
4692 2.126 -3.506 0 0 0 5
4709 2.143 -3.506 0 0 0 6
4726 2.16 -3.506 0 0 0 6
4743 2.177 -3.506 0 0 0 6
4760 2.194 -3.506 0 0 0 6
4777 2.211 -3.506 0 0 0 6
4794 2.228 -3.506 0 0 0 6
4811 2.245 -3.506 0 0 0 7
4828 2.262 -3.506 0 0 0 7
4845 2.279 -3.506 0 0 0 7
4862 2.296 -3.506 0 0 0 7
4879 2.313 -3.506 0 0 0 7
4896 2.33 -3.506 0 0 0 7
4913 2.347 -3.506 0 0 0 8
4930 2.364 -3.506 0 0 0 8
4947 2.381 -3.506 0 0 0 8
4964 2.398 -3.506 0 0 0 8
4981 2.415 -3.506 0 0 0 8
4998 2.432 -3.506 0 0 0 8
5015 2.449 -3.506 0 0 0 9
5032 2.449 -3.489 0 0 0 9
5049 2.449 -3.472 0 0 0 9
5066 2.449 -3.455 0 0 0 9
5083 2.449 -3.438 0 0 0 9
5100 2.449 -3.421 0 0 0 10
5117 2.449 -3.404 0 0 0 10
5134 2.449 -3.387 0 0 0 10
5151 2.449 -3.37 0 0 0 10
5168 2.449 -3.353 0 0 0 10
5185 2.449 -3.336 0 0 0 10
5202 2.449 -3.319 0 0 0 11
5219 2.449 -3.302 0 0 0 11
5236 2.449 -3.285 0 0 0 11
5253 2.449 -3.268 0 0 0 11
5270 2.449 -3.251 0 0 0 11
5287 2.449 -3.234 0 0 0 11
5304 2.449 -3.217 0 0 0 12
5321 2.449 -3.2 0 0 0 12
5338 2.449 -3.183 0 0 0 12
5355 2.449 -3.166 0 0 0 12
5372 2.449 -3.149 0 0 0 12
5389 2.449 -3.132 0 0 0 12
5406 2.449 -3.115 0 0 0 13
5423 2.449 -3.098 0 0 0 13
5440 2.449 -3.081 0 0 0 13
5457 2.449 -3.064 0 0 0 13
5474 2.449 -3.047 0 0 0 13
5491 2.449 -3.03 0 0 0 13
5508 2.449 -3.013 0 0 0 14
5525 2.449 -2.996 0 0 0 14
5542 2.449 -2.979 0 0 0 14
5559 2.449 -2.962 0 0 0 14
5576 2.449 -2.945 0 0 0 14
5593 2.449 -2.928 0 0 0 14
5610 2.449 -2.911 0 0 0 15
5627 2.449 -2.894 0 0 0 15
5644 2.449 -2.877 0 0 0 15
5661 2.449 -2.86 0 0 0 15
5678 2.449 -2.843 0 0 0 15
5695 2.449 -2.826 0 0 0 15
5712 2.449 -2.809 0 0 0 16
5729 2.449 -2.792 0 0 0 16
5746 2.449 -2.775 0 0 0 16
5763 2.449 -2.758 0 0 0 16
5780 2.449 -2.741 0 0 0 16
5797 2.449 -2.724 0 0 0 16
5814 2.449 -2.707 0 0 0 17
5831 2.449 -2.69 0 0 0 17
5848 2.449 -2.673 0 0 0 17
5865 2.449 -2.656 0 0 0 17
5882 2.449 -2.639 0 0 0 17
5899 2.449 -2.622 0 0 0 17
5916 2.449 -2.605 0 0 0 18
5933 2.449 -2.588 0 0 0 18
5950 2.449 -2.571 0 0 0 18
5967 2.449 -2.554 0 0 0 18
5984 2.449 -2.537 0 0 0 18
6001 2.449 -2.52 0 0 0 19
6018 2.432 -2.52 0 0 0 19
6035 2.415 -2.52 0 0 0 19
6052 2.398 -2.52 0 0 0 19
6069 2.381 -2.52 0 0 0 19
6086 2.364 -2.52 0 0 0 19
6103 2.347 -2.52 0 0 0 20
6120 2.33 -2.52 0 0 0 20
6137 2.313 -2.52 0 0 0 20
6154 2.296 -2.52 0 0 0 20
6171 2.279 -2.52 0 0 0 20
6188 2.262 -2.52 0 0 0 20
6205 2.245 -2.52 0 0 0 21
6222 2.228 -2.52 0 0 0 21
6239 2.211 -2.52 0 0 0 21
6256 2.194 -2.52 0 0 0 21
6273 2.177 -2.52 0 0 0 21
6290 2.16 -2.52 0 0 0 21
6307 2.143 -2.52 0 0 0 22
6324 2.126 -2.52 0 0 0 22
6341 2.109 -2.52 0 0 0 22
6358 2.092 -2.52 0 0 0 22
6375 2.075 -2.52 0 0 0 22
6392 2.058 -2.52 0 0 0 22
6409 2.041 -2.52 0 0 0 23
6426 2.024 -2.52 0 0 0 23
6443 2.007 -2.52 0 0 0 23
6460 1.99 -2.52 0 0 0 23
6477 1.973 -2.52 0 0 0 23
6494 1.956 -2.52 0 0 0 23
6511 1.939 -2.52 0 0 0 24
6528 1.922 -2.52 0 0 0 24
6545 1.905 -2.52 0 0 0 24
6562 1.888 -2.52 0 0 0 24
6579 1.871 -2.52 0 0 0 24
6596 1.854 -2.52 0 0 0 24
6613 1.837 -2.52 0 0 0 25
6630 1.82 -2.52 0 0 0 25
6647 1.803 -2.52 0 0 0 25
6664 1.786 -2.52 0 0 0 25
6681 1.769 -2.52 0 0 0 25
6698 1.752 -2.52 0 0 0 25
6715 1.735 -2.52 0 0 0 26
6732 1.718 -2.52 0 0 0 26
6749 1.701 -2.52 0 0 0 26
6766 1.684 -2.52 0 0 0 26
6783 1.667 -2.52 0 0 0 26
6800 1.65 -2.52 0 0 0 27
6817 1.633 -2.52 0 0 0 27
6834 1.616 -2.52 0 0 0 27
6851 1.599 -2.52 0 0 0 27
6868 1.582 -2.52 0 0 0 27
6885 1.565 -2.52 0 0 0 27
6902 1.548 -2.52 0 0 0 28
6919 1.531 -2.52 0 0 0 28
6936 1.514 -2.52 0 0 0 28
6953 1.497 -2.52 0 0 0 28
6970 1.48 -2.52 0 0 0 28
6987 1.463 -2.52 0 0 0 28
7004 1.446 -2.52 0 0 0 29
7021 1.446 -2.537 0 0 0 29
7038 1.446 -2.554 0 0 0 29
7055 1.446 -2.571 0 0 0 29
7072 1.446 -2.588 0 0 0 29
7089 1.446 -2.605 0 0 0 29
7106 1.446 -2.622 0 0 0 30
7123 1.446 -2.639 0 0 0 30
7140 1.446 -2.656 0 0 0 30
7157 1.446 -2.673 0 0 0 30
7174 1.446 -2.69 0 0 0 30
7191 1.446 -2.707 0 0 0 30
7208 1.446 -2.724 0 0 0 31
7225 1.446 -2.741 0 0 0 31
7242 1.446 -2.758 0 0 0 31
7259 1.446 -2.775 0 0 0 31
7276 1.446 -2.792 0 0 0 31
7293 1.446 -2.809 0 0 0 31
7310 1.446 -2.826 0 0 0 32
7327 1.446 -2.843 0 0 0 32
7344 1.446 -2.86 0 0 0 32
7361 1.446 -2.877 0 0 0 32
7378 1.446 -2.894 0 0 0 32
7395 1.446 -2.911 0 0 0 32
7412 1.446 -2.928 0 0 0 33
7429 1.446 -2.945 0 0 0 33
7446 1.446 -2.962 0 0 0 33
7463 1.446 -2.979 0 0 0 33
7480 1.446 -2.996 0 0 0 33
7497 1.446 -3.013 0 0 0 33
7514 1.446 -3.03 0 0 0 34
7531 1.446 -3.047 0 0 0 34
7548 1.446 -3.064 0 0 0 34
7565 1.446 -3.081 0 0 0 34
7582 1.446 -3.098 0 0 0 34
7599 1.446 -3.115 0 0 0 34
7616 1.446 -3.132 0 0 0 35
7633 1.446 -3.149 0 0 0 35
7650 1.446 -3.166 0 0 0 35
7667 1.446 -3.183 0 0 0 35
7684 1.446 -3.2 0 0 0 35
7701 1.446 -3.217 0 0 0 36
7718 1.446 -3.234 0 0 0 36
7735 1.446 -3.251 0 0 0 36
7752 1.446 -3.268 0 0 0 36
7769 1.446 -3.285 0 0 0 36
7786 1.446 -3.302 0 0 0 36
7803 1.446 -3.319 0 0 0 37
7820 1.446 -3.336 0 0 0 37
7837 1.446 -3.353 0 0 0 37
7854 1.446 -3.37 0 0 0 37
7871 1.446 -3.387 0 0 0 37
7888 1.446 -3.404 0 0 0 37
7905 1.446 -3.421 0 0 0 38
7922 1.446 -3.438 0 0 0 38
7939 1.446 -3.455 0 0 0 38
7956 1.446 -3.472 0 0 0 38
7973 1.446 -3.489 0 0 0 38
7990 1.446 -3.506 0 0 0 38
8007 1.446 -3.52299 0 0 0 39
8024 1.446 -3.53999 0 0 0 39
8041 1.446 -3.55699 0 0 0 39
8058 1.446 -3.57399 0 0 0 39
8075 1.446 -3.59099 0 0 0 39
8092 1.446 -3.60799 0 0 0 39
8109 1.446 -3.62499 0 0 0 40
8126 1.446 -3.64199 0 0 0 40
8143 1.446 -3.65899 0 0 0 40
8160 1.446 -3.67599 0 0 0 40
8177 1.446 -3.69299 0 0 0 40
8194 1.446 -3.70999 0 0 0 40
8211 1.446 -3.72699 0 0 0 0
8228 1.446 -3.74399 0 0 0 0
8245 1.446 -3.76099 0 0 0 0
8262 1.446 -3.77799 0 0 0 0
8279 1.446 -3.79499 0 0 0 0
8296 1.446 -3.81199 0 0 0 0
8313 1.446 -3.82899 0 0 0 1
8330 1.446 -3.84599 0 0 0 1
8347 1.446 -3.86299 0 0 0 1
8364 1.446 -3.87999 0 0 0 1
8381 1.446 -3.89699 0 0 0 1
8398 1.446 -3.91399 0 0 0 1
8415 1.446 -3.93099 0 0 0 2
8432 1.446 -3.94799 0 0 0 2
8449 1.446 -3.96499 0 0 0 2
8466 1.446 -3.98199 0 0 0 2
8483 1.446 -3.99899 0 0 0 2
8500 1.446 -4.01599 0 0 0 3
8517 1.446 -4.03299 0 0 0 3
8534 1.446 -4.04999 0 0 0 3
8551 1.446 -4.06699 0 0 0 3
8568 1.446 -4.08399 0 0 0 3
8585 1.446 -4.101 0 0 0 3
8602 1.446 -4.118 0 0 0 4
8619 1.446 -4.135 0 0 0 4
8636 1.446 -4.152 0 0 0 4
8653 1.446 -4.169 0 0 0 4
8670 1.446 -4.186 0 0 0 4
8687 1.446 -4.203 0 0 0 4
8704 1.396 -4.22 0 0 1 21
8721 1.346 -4.237 0 0 1 22
8738 1.296 -4.254 0 0 1 22
8755 1.246 -4.271 0 0 1 0
8772 1.196 -4.288 0 0 1 1
8789 1.146 -4.288 0 0 1 2
8806 1.096 -4.288 0 0 1 3
8823 1.046 -4.288 0 0 1 4
8840 0.996 -4.288 0 0 1 5
8857 0.946 -4.288 0 0 1 5
8874 0.896 -4.288 0 0 1 6
8891 0.846 -4.271 0 0 1 7
8908 0.796 -4.254 0 0 1 8
8925 0.746 -4.237 0 0 1 9
8942 0.696 -4.22 0 0 1 10
8959 0.646 -4.203 0 0 1 10
8976 0.596 -4.186 0 0 1 11
8993 0.546 -4.169 0 0 1 12
9010 0.546 -4.152 0 0 0 8
9027 0.546 -4.169 0 0 0 8
9044 0.546 -4.186 0 0 0 8
9061 0.546 -4.203 0 0 0 8
9078 0.546 -4.22 0 0 0 8
9095 0.546 -4.237 0 0 0 8
9112 0.546 -4.254 0 0 0 9
9129 0.546 -4.271 0 0 0 9
9146 0.546 -4.288 0 0 0 9
9163 0.546 -4.305 0 0 0 9
9180 0.546 -4.322 0 0 0 9
9197 0.546 -4.339 0 0 0 9
9214 0.546 -4.356 0 0 0 10
9231 0.546 -4.373 0 0 0 10
9248 0.546 -4.39 0 0 0 10
9265 0.546 -4.407 0 0 0 10
9282 0.546 -4.424 0 0 0 10
9299 0.546 -4.441 0 0 0 10
9316 0.546 -4.458 0 0 0 11
9333 0.546 -4.475 0 0 0 11
9350 0.546 -4.492 0 0 0 11
9367 0.546 -4.509 0 0 0 11
9384 0.546 -4.526 0 0 0 11
9401 0.546 -4.543 0 0 0 12
9418 0.546 -4.56 0 0 0 12
9435 0.546 -4.577 0 0 0 12
9452 0.546 -4.594 0 0 0 12
9469 0.546 -4.611 0 0 0 12
9486 0.546 -4.628 0 0 0 12
9503 0.546 -4.645 0 0 0 13
9520 0.546 -4.662 0 0 0 13
9537 0.546 -4.679 0 0 0 13
9554 0.546 -4.696 0 0 0 13
9571 0.546 -4.713 0 0 0 13
9588 0.546 -4.73 0 0 0 13
9605 0.546 -4.747 0 0 0 14
9622 0.546 -4.764 0 0 0 14
9639 0.546 -4.781 0 0 0 14
9656 0.546 -4.798 0 0 0 14
9673 0.546 -4.815 0 0 0 14
9690 0.546 -4.832 0 0 0 14
9707 0.546 -4.849 0 0 0 15
9724 0.546 -4.866 0 0 0 15
9741 0.546 -4.883 0 0 0 15
9758 0.546 -4.9 0 0 0 15
9775 0.546 -4.917 0 0 0 15
9792 0.546 -4.934 0 0 0 15
9809 0.546 -4.951 0 0 0 16
9826 0.546 -4.96801 0 0 0 16
9843 0.546 -4.98501 0 0 0 16
9860 0.546 -5.00201 0 0 0 16
9877 0.546 -5.01901 0 0 0 16
9894 0.546 -5.03601 0 0 0 16
9911 0.546 -5.05301 0 0 0 17
9928 0.546 -5.07001 0 0 0 17
9945 0.546 -5.08701 0 0 0 17
9962 0.546 -5.10401 0 0 0 17
9979 0.546 -5.12101 0 0 0 17
9996 0.546 -5.13801 0 0 0 17
10013 0.496 -5.15501 0 0 1 17
10030 0.463 -5.15501 0 0 1 18
10047 0.43 -5.15501 0 0 1 19
10064 0.397 -5.15501 0 0 1 20
10081 0.414 -5.15501 0 0 0 18
10098 0.431 -5.15501 0 0 0 18
10115 0.448 -5.15501 0 0 0 19
10132 0.465 -5.15501 0 0 0 19
10149 0.482 -5.15501 0 0 0 19
10166 0.499 -5.15501 0 0 0 19
10183 0.516 -5.15501 0 0 0 19
10200 0.533 -5.15501 0 0 0 20
10217 0.55 -5.15501 0 0 0 20
10234 0.567 -5.15501 0 0 0 20
10251 0.584 -5.15501 0 0 0 20
10268 0.601 -5.15501 0 0 0 20
10285 0.618 -5.15501 0 0 0 20
10302 0.635 -5.15501 0 0 0 21
10319 0.652 -5.15501 0 0 0 21
10336 0.669 -5.15501 0 0 0 21
10353 0.686 -5.15501 0 0 0 21
10370 0.703 -5.15501 0 0 0 21
10387 0.72 -5.20501 0 0 1 13
10404 0.737 -5.25501 0 0 1 14
10421 0.754 -5.30501 0 0 1 15
10438 0.771 -5.35501 0 0 1 15
10455 0.788 -5.35501 0 0 0 22
10472 0.805 -5.35501 0 0 0 22
10489 0.822 -5.35501 0 0 0 22
10506 0.839 -5.35501 0 0 0 23
10523 0.856 -5.35501 0 0 0 23
10540 0.873 -5.35501 0 0 0 23
10557 0.89 -5.35501 0 0 0 23
10574 0.907 -5.35501 0 0 0 23
10591 0.924 -5.35501 0 0 0 23
10608 0.941 -5.35501 0 0 0 24
10625 0.958 -5.35501 0 0 0 24
10642 0.975 -5.35501 0 0 0 24
10659 0.992 -5.35501 0 0 0 24
10676 1.009 -5.35501 0 0 0 24
10693 1.026 -5.35501 0 0 0 24
10710 1.043 -5.35501 0 0 0 25
10727 1.06 -5.35501 0 0 0 25
10744 1.077 -5.35501 0 0 0 25
10761 1.094 -5.35501 0 0 0 25
10778 1.111 -5.40501 0 0 1 9
10795 1.128 -5.45501 0 0 1 10
10812 1.145 -5.50501 0 0 1 11
10829 1.162 -5.55501 0 0 1 12
10846 1.179 -5.55501 0 0 0 26
10863 1.196 -5.55501 0 0 0 26
10880 1.213 -5.55501 0 0 0 26
10897 1.23 -5.55501 0 0 0 26
10914 1.247 -5.55501 0 0 0 27
10931 1.264 -5.55501 0 0 0 27
10948 1.281 -5.55501 0 0 0 27
10965 1.298 -5.55501 0 0 0 27
10982 1.315 -5.55501 0 0 0 27
10999 1.332 -5.55501 0 0 0 27
11016 1.349 -5.55501 0 0 0 28
11033 1.349 -5.57201 0 0 0 28
11050 1.349 -5.58901 0 0 0 28
11067 1.349 -5.60601 0 0 0 28
11084 1.349 -5.62301 0 0 0 28
11101 1.349 -5.64001 0 0 0 29
11118 1.349 -5.65701 0 0 0 29
11135 1.349 -5.67401 0 0 0 29
11152 1.349 -5.69101 0 0 0 29
11169 1.349 -5.70801 0 0 0 29
11186 1.349 -5.72501 0 0 0 29
11203 1.349 -5.74201 0 0 0 30
11220 1.349 -5.75901 0 0 0 30
11237 1.349 -5.77601 0 0 0 30
11254 1.349 -5.79301 0 0 0 30
11271 1.349 -5.81001 0 0 0 30
11288 1.349 -5.82701 0 0 0 30
11305 1.349 -5.84401 0 0 0 31
11322 1.349 -5.86101 0 0 0 31
11339 1.349 -5.87801 0 0 0 31
11356 1.349 -5.89501 0 0 0 31
11373 1.349 -5.91201 0 0 0 31
11390 1.349 -5.92901 0 0 0 31
11407 1.349 -5.94601 0 0 0 32
11424 1.349 -5.96301 0 0 0 32
11441 1.349 -5.98001 0 0 0 32
11458 1.349 -5.99701 0 0 0 32
11475 1.349 -6.01401 0 0 0 32
11492 1.349 -6.03101 0 0 0 32
11509 1.349 -6.04801 0 0 0 33
11526 1.349 -6.06501 0 0 0 33
11543 1.349 -6.08202 0 0 0 33
11560 1.349 -6.09902 0 0 0 33
11577 1.349 -6.11602 0 0 0 33
11594 1.349 -6.13302 0 0 0 33
11611 1.349 -6.15002 0 0 0 34
11628 1.349 -6.16702 0 0 0 34
11645 1.349 -6.18402 0 0 0 34
11662 1.349 -6.20102 0 0 0 34
11679 1.349 -6.21802 0 0 0 34
11696 1.349 -6.23502 0 0 0 34
11713 1.349 -6.25202 0 0 0 35
11730 1.349 -6.26902 0 0 0 35
11747 1.349 -6.28602 0 0 0 35
11764 1.349 -6.30302 0 0 0 35
11781 1.349 -6.32002 0 0 0 35
11798 1.349 -6.33702 0 0 0 35
11815 1.349 -6.35402 0 0 0 36
11832 1.349 -6.37102 0 0 0 36
11849 1.349 -6.38802 0 0 0 36
11866 1.349 -6.40502 0 0 0 36
11883 1.349 -6.42202 0 0 0 36
11900 1.349 -6.43902 0 0 0 37
11917 1.349 -6.45602 0 0 0 37
11934 1.349 -6.47302 0 0 0 37
11951 1.349 -6.49002 0 0 0 37
11968 1.349 -6.50702 0 0 0 37
11985 1.349 -6.52402 0 0 0 37
12002 1.349 -6.54102 0 0 0 38
12019 1.332 -6.54102 0 0 0 38
12036 1.315 -6.54102 0 0 0 38
12053 1.298 -6.54102 0 0 0 38
12070 1.281 -6.54102 0 0 0 38
12087 1.264 -6.54102 0 0 0 38
12104 1.247 -6.54102 0 0 0 39
12121 1.23 -6.54102 0 0 0 39
12138 1.213 -6.54102 0 0 0 39
12155 1.196 -6.54102 0 0 0 39
12172 1.179 -6.54102 0 0 0 39
12189 1.162 -6.54102 0 0 0 39
12206 1.145 -6.54102 0 0 0 40
12223 1.128 -6.54102 0 0 0 40
12240 1.111 -6.54102 0 0 0 40
12257 1.094 -6.54102 0 0 0 40
12274 1.077 -6.54102 0 0 0 40
12291 1.06 -6.54102 0 0 0 40
12308 1.043 -6.54102 0 0 0 0
12325 1.026 -6.54102 0 0 0 0
12342 1.009 -6.54102 0 0 0 0
12359 0.992 -6.54102 0 0 0 0
12376 0.975 -6.54102 0 0 0 0
12393 0.958 -6.54102 0 0 0 0
12410 0.941 -6.54102 0 0 0 1
12427 0.924 -6.54102 0 0 0 1
12444 0.907 -6.54102 0 0 0 1
12461 0.89 -6.54102 0 0 0 1
12478 0.873 -6.54102 0 0 0 1
12495 0.856 -6.54102 0 0 0 1
12512 0.839 -6.54102 0 0 0 2
12529 0.822 -6.54102 0 0 0 2
12546 0.805 -6.54102 0 0 0 2
12563 0.788 -6.54102 0 0 0 2
12580 0.771 -6.54102 0 0 0 2
12597 0.754 -6.54102 0 0 0 2
12614 0.737 -6.54102 0 0 0 3
12631 0.72 -6.54102 0 0 0 3
12648 0.703 -6.54102 0 0 0 3
12665 0.686 -6.54102 0 0 0 3
12682 0.669 -6.54102 0 0 0 3
12699 0.652 -6.54102 0 0 0 3
12716 0.635 -6.54102 0 0 0 4
12733 0.618 -6.54102 0 0 0 4
12750 0.601 -6.54102 0 0 0 4
12767 0.584 -6.54102 0 0 0 4
12784 0.567 -6.54102 0 0 0 4
12801 0.55 -6.54102 0 0 0 5
12818 0.533 -6.54102 0 0 0 5
12835 0.516 -6.54102 0 0 0 5
12852 0.499 -6.54102 0 0 0 5
12869 0.482 -6.54102 0 0 0 5
12886 0.465 -6.54102 0 0 0 5
12903 0.448 -6.54102 0 0 0 6
12920 0.431 -6.54102 0 0 0 6
12937 0.414 -6.54102 0 0 0 6
12954 0.397 -6.54102 0 0 0 6
12971 0.38 -6.54102 0 0 0 6
12988 0.363 -6.54102 0 0 0 6
13005 0.346 -6.54102 0 0 0 7
13022 0.346 -6.55802 0 0 0 7
13039 0.346 -6.57502 0 0 0 7
13056 0.346 -6.59202 0 0 0 7
13073 0.346 -6.60902 0 0 0 7
13090 0.346 -6.62602 0 0 0 7
13107 0.346 -6.64302 0 0 0 8
13124 0.346 -6.66002 0 0 0 8
13141 0.346 -6.67702 0 0 0 8
13158 0.346 -6.69402 0 0 0 8
13175 0.346 -6.71102 0 0 0 8
13192 0.346 -6.77802 0 0 1 15
13209 0.346 -6.84502 0 0 1 16
13226 0.346 -6.91202 0 0 1 17
13243 0.346 -6.97902 0 0 1 18
13260 0.346 -7.04602 0 0 1 19
13277 0.346 -7.11302 0 0 1 19
13294 0.346 -7.18003 0.0495839 0 2 0
13311 0.346 -7.24703 0.0963356 0 2 1
13328 0.346 -7.31403 0.140255 0 2 2
13345 0.346 -7.38103 0.181342 0 2 3
13362 0.346 -7.44803 0.219597 0 2 4
13379 0.346 -7.51503 0.25502 0 2 5
13396 0.346 -7.58203 0.287611 0 2 6
13413 0.346 -7.64903 0.31737 0 2 7
13430 0.346 -7.71603 0.344296 0 2 8
13447 0.346 -7.78303 0.36839 0 2 8
13464 0.346 -7.85003 0.389652 0 2 9
13481 0.346 -7.91703 0.408082 0 2 10
13498 0.346 -7.98403 0.423679 0 2 11
13515 0.346 -8.05103 0.436444 0 2 12
13532 0.346 -8.11803 0.446377 0 2 13
13549 0.346 -8.18503 0.453478 0 2 14
13566 0.346 -8.25203 0.457747 0 2 15
13583 0.346 -8.31903 0.459184 0 2 16
13600 0.346 -8.38603 0.457788 0 2 16
13617 0.346 -8.45303 0.45356 0 2 17
13634 0.346 -8.52003 0.4465 0 2 18
13651 0.346 -8.58703 0.436608 0 2 19
13668 0.346 -8.65403 0.423883 0 2 20
13685 0.346 -8.72103 0.408326 0 2 21
13702 0.346 -8.78803 0.389938 0 2 22
13719 0.346 -8.85503 0.368716 0 2 23
