515
17 0.5 -0.5 0 0 1 0
34 0.5 -0.55 0 0 1 1
51 0.5 -0.55 0 0 0 0
68 0.5 -0.55 0 0 0 0
85 0.5 -0.55 0 0 0 0
102 0.5 -0.55 0 0 0 1
119 0.5 -0.55 0 0 0 1
136 0.5 -0.55 0 0 0 1
153 0.5 -0.55 0 0 0 1
170 0.5 -0.55 0 0 0 1
187 0.5 -0.55 0 0 0 1
204 0.5 -0.55 0 0 0 2
221 0.5 -0.55 0 0 0 2
238 0.5 -0.55 0 0 0 2
255 0.5 -0.55 0 0 0 2
272 0.5 -0.55 0 0 0 2
289 0.5 -0.55 0 0 0 2
306 0.5 -0.55 0 0 0 3
323 0.5 -0.55 0 0 0 3
340 0.5 -0.55 0 0 0 3
357 0.5 -0.55 0 0 0 3
374 0.5 -0.55 0 0 0 3
391 0.5 -0.55 0 0 0 3
408 0.5 -0.55 0 0 0 4
425 0.5 -0.55 0 0 0 4
442 0.5 -0.55 0 0 0 4
459 0.5 -0.55 0 0 0 4
476 0.5 -0.55 0 0 0 4
493 0.5 -0.55 0 0 0 4
510 0.5 -0.55 0 0 0 5
527 0.5 -0.55 0 0 0 5
544 0.5 -0.55 0 0 0 5
561 0.5 -0.55 0 0 0 5
578 0.5 -0.55 0 0 0 5
595 0.5 -0.55 0 0 0 5
612 0.5 -0.55 0 0 0 6
629 0.5 -0.55 0 0 0 6
646 0.5 -0.55 0 0 0 6
663 0.5 -0.55 0 0 0 6
680 0.5 -0.6 0 0 1 11
697 0.5 -0.65 0 0 1 11
714 0.504358 -0.69981 0 -5 1 12
731 0.51304 -0.74905 0 -10 1 13
748 0.525981 -0.797346 0 -15 1 14
765 0.543082 -0.844331 0 -20 1 15
782 0.543183 -0.891316 0 -20 1 16
799 0.543284 -0.9383 0 -20 1 16
816 0.543385 -0.985285 0 -20 1 17
833 0.543486 -1.03227 0 -20 1 18
850 0.543587 -1.07925 0 -20 1 19
867 0.543688 -1.12624 0 -20 1 20
884 0.543789 -1.17322 0 -20 1 21
901 0.54389 -1.22021 0 -20 1 22
918 0.543991 -1.26719 0 -20 1 22
935 0.544092 -1.31418 0 -20 1 0
952 0.544193 -1.36116 0 -20 1 1
969 0.527193 -1.36116 0 -20 0 9
986 0.510193 -1.36116 0 -20 0 9
1003 0.493193 -1.36116 0 -20 0 10
1020 0.493193 -1.37816 0 -20 0 10
1037 0.493193 -1.39516 0 -20 0 10
1054 0.493193 -1.41216 0 -20 0 10
1071 0.493193 -1.42916 0 -20 0 10
1088 0.493193 -1.44616 0 -20 0 10
1105 0.493193 -1.46316 0 -20 0 11
1122 0.493193 -1.48016 0 -20 0 11
1139 0.493193 -1.49716 0 -20 0 11
1156 0.493193 -1.51416 0 -20 0 11
1173 0.493193 -1.53116 0 -20 0 11
1190 0.493193 -1.54816 0 -20 0 11
1207 0.493193 -1.56516 0 -20 0 12
1224 0.493193 -1.58216 0 -20 0 12
1241 0.493193 -1.59916 0 -20 0 12
1258 0.493193 -1.61616 0 -20 0 12
1275 0.493193 -1.63316 0 -20 0 12
1292 0.493193 -1.65016 0 -20 0 12
1309 0.493193 -1.66716 0 -20 0 13
1326 0.493193 -1.68416 0 -20 0 13
1343 0.493193 -1.70116 0 -20 0 13
1360 0.493193 -1.71816 0 -20 0 13
1377 0.493193 -1.73516 0 -20 0 13
1394 0.493193 -1.75216 0 -20 0 13
1411 0.493193 -1.76916 0 -20 0 14
1428 0.493193 -1.78616 0 -20 0 14
1445 0.493193 -1.80316 0 -20 0 14
1462 0.493193 -1.82016 0 -20 0 14
1479 0.493193 -1.83716 0 -20 0 14
1496 0.493193 -1.85416 0 -20 0 14
1513 0.493193 -1.87116 0 -20 0 15
1530 0.493193 -1.88816 0 -20 0 15
1547 0.493193 -1.90516 0 -20 0 15
1564 0.493193 -1.92216 0 -20 0 15
1581 0.493193 -1.93916 0 -20 0 15
1598 0.493193 -1.95616 0 -20 0 15
1615 0.493193 -1.97316 0 -20 0 16
1632 0.493193 -1.99016 0 -20 0 16
1649 0.493193 -2.00716 0 -20 0 16
1666 0.510294 -2.07115 0 -20 1 14
1683 0.527395 -2.13513 0 -20 1 15
1700 0.544496 -2.19911 0 -20 1 16
1717 0.561597 -2.2631 0 -20 1 16
1734 0.578698 -2.32708 0.0495839 -20 2 0
1751 0.595799 -2.39107 0.0963356 -20 2 1
1768 0.6129 -2.45505 0.140255 -20 2 2
1785 0.630001 -2.51904 0.181342 -20 2 3
1802 0.647102 -2.58302 0.219597 -20 2 4
1819 0.664203 -2.64701 0.25502 -20 2 5
1836 0.681304 -2.71099 0.287611 -20 2 6
1853 0.698405 -2.77498 0.31737 -20 2 7
1870 0.715506 -2.83896 0.344296 -20 2 8
1887 0.732607 -2.90295 0.36839 -20 2 8
1904 0.749708 -2.96693 0.389652 -20 2 9
1921 0.766809 -3.03092 0.408082 -20 2 10
1938 0.78391 -3.0949 0.423679 -20 2 11
1955 0.801011 -3.15888 0.436444 -20 2 12
1972 0.818112 -3.22287 0.446377 -20 2 13
1989 0.835213 -3.28685 0.453478 -20 2 14
2006 0.852314 -3.35084 0.457747 -20 2 15
2023 0.869415 -3.41482 0.459184 -20 2 16
2040 0.886516 -3.47881 0.457788 -20 2 16
2057 0.903617 -3.54279 0.45356 -20 2 17
2074 0.920718 -3.60678 0.4465 -20 2 18
2091 0.937819 -3.67076 0.436608 -20 2 19
2108 0.95492 -3.73475 0.423883 -20 2 20
2125 0.972021 -3.79873 0.408326 -20 2 21
2142 0.989122 -3.86272 0.389938 -20 2 22
2159 1.00622 -3.9267 0.368716 -20 2 23
2176 1.07031 -3.97358 0.344663 -20 2 24
2193 1.13439 -4.02047 0.317778 -20 2 24
2210 1.19848 -4.06735 0.28806 -20 2 25
2227 1.26257 -4.11424 0.25551 -20 2 26
2244 1.32665 -4.16112 0.220128 -20 2 27
2261 1.39074 -4.208 0.181913 -20 2 28
2278 1.45482 -4.25489 0.140867 -20 2 29
2295 1.51891 -4.30177 0.0969883 -20 2 30
2312 1.58299 -4.34866 0.0502774 -20 2 31
2329 1.64708 -4.39554 0.000734329 -20 2 32
2346 1.71117 -4.44242 0 -20 1 2
2363 1.77525 -4.47231 0 -20 1 3
2380 1.83934 -4.50219 0 -20 1 4
2397 1.90342 -4.53208 0 -20 1 4
2414 1.96751 -4.56196 0 -20 1 5
2431 2.03159 -4.59184 0 -20 1 6
2448 2.09568 -4.62173 0 -20 1 7
2465 2.11278 -4.66871 0 -20 1 8
2482 2.12988 -4.7157 0 -20 1 9
2499 2.14698 -4.76268 0 -20 1 9
2516 2.16408 -4.80967 0 -20 1 10
2533 2.18119 -4.85665 0 -20 1 11
2550 2.19829 -4.90364 0 -20 1 12
2567 2.21539 -4.95062 0 -20 1 13
2584 2.23249 -4.9976 0 -20 1 14
2601 2.24959 -5.04459 0 -20 1 15
2618 2.26669 -5.09157 0 -20 1 15
2635 2.28379 -5.13856 0 -20 1 16
2652 2.30089 -5.18554 0 -20 1 17
2669 2.31799 -5.23253 0 -20 1 18
2686 2.33509 -5.27951 0 -20 1 19
2703 2.3522 -5.3265 0 -20 1 20
2720 2.36514 -5.37479 0 -15 1 21
2737 2.37382 -5.42403 0 -10 1 21
2754 2.37818 -5.47384 0 -5 1 22
2771 2.37818 -5.52384 0 0 1 0
2788 2.37382 -5.57365 0 5 1 1
2805 2.36514 -5.62289 0 10 1 2
2822 2.3522 -5.67119 0 15 1 3
2839 2.33925 -5.71949 0 15 1 3
2856 2.32631 -5.76778 0 15 1 4
2873 2.31337 -5.81608 0 15 1 5
2890 2.30043 -5.86438 0 15 1 6
2907 2.28749 -5.91267 0 15 1 7
2924 2.27455 -5.96097 0 15 1 8
2941 2.26161 -6.00927 0 15 1 9
2958 2.24867 -6.05756 0 15 1 9
2975 2.23573 -6.10586 0 15 1 10
2992 2.22279 -6.15416 0 15 1 11
3009 2.20985 -6.20245 0 15 1 12
3026 2.1969 -6.25075 0 15 1 13
3043 2.18396 -6.29905 0 15 1 14
3060 2.17102 -6.34734 0 15 1 15
3077 2.15808 -6.39564 0 15 1 15
3094 2.14514 -6.44393 0 15 1 16
3111 2.1322 -6.49223 0 15 1 17
3128 2.11926 -6.54053 0 15 1 18
3145 2.10632 -6.58882 0 15 1 19
3162 2.10632 -6.63712 0 15 1 20
3179 2.10632 -6.68542 0 15 1 20
3196 2.10632 -6.73371 0 15 1 21
3213 2.10632 -6.78201 0 15 1 22
3230 2.10632 -6.83031 0 15 1 0
3247 2.10632 -6.8786 0 15 1 1
3264 2.10632 -6.9269 0 15 1 2
3281 2.10632 -6.9752 0 15 1 3
3298 2.10632 -7.02349 0 15 1 3
3315 2.10632 -7.07048 0 20 1 4
3332 2.10632 -7.11579 0 25 1 5
3349 2.08132 -7.15909 0 30 1 6
3366 2.05264 -7.20005 0 35 1 7
3383 2.0205 -7.23835 0 40 1 8
3400 1.98515 -7.27371 0 45 1 9
3417 1.98515 -7.27371 0 50 1 9
3434 1.98515 -7.27371 0 55 1 10
3451 1.98515 -7.27371 0 60 1 11
3468 1.98515 -7.27371 0 60 0 34
3485 1.98515 -7.27371 0 60 0 34
3502 1.98515 -7.27371 0 60 0 35
3519 1.98515 -7.27371 0 60 0 35
3536 1.98515 -7.27371 0 60 0 35
3553 1.98515 -7.27371 0 60 0 35
3570 1.98515 -7.27371 0 60 0 35
3587 1.98515 -7.27371 0 60 0 35
3604 1.98515 -7.27371 0 60 0 36
3621 1.98515 -7.27371 0 60 0 36
3638 1.98515 -7.27371 0 60 0 36
3655 1.98515 -7.27371 0 60 0 36
3672 1.98515 -7.27371 0 60 0 36
3689 1.98515 -7.27371 0 60 0 36
3706 1.98515 -7.27371 0 60 0 37
3723 1.98515 -7.27371 0 60 0 37
3740 1.98515 -7.27371 0 60 0 37
3757 1.98515 -7.27371 0 65 1 3
3774 1.98515 -7.27371 0 70 1 4
3791 1.98515 -7.27371 0 75 1 5
3808 1.98515 -7.27371 0 75 0 38
3825 1.98515 -7.27371 0 75 0 38
3842 1.98515 -7.27371 0 75 0 38
3859 1.98515 -7.27371 0 75 0 38
3876 1.98515 -7.27371 0 75 0 38
3893 1.98515 -7.27371 0 75 0 38
3910 1.98515 -7.27371 0 75 0 39
3927 1.98515 -7.27371 0 75 0 39
3944 1.98515 -7.27371 0 75 0 39
3961 1.98515 -7.27371 0 75 0 39
3978 1.98515 -7.27371 0 75 0 39
3995 1.98515 -7.27371 0 75 0 39
4012 1.98515 -7.27371 0 75 0 40
4029 1.98515 -7.27371 0 75 0 40
4046 1.98515 -7.27371 0 75 0 40
4063 1.98515 -7.27371 0 75 0 40
4080 1.98515 -7.27371 0 75 0 40
4097 1.98515 -7.27371 0 75 0 40
4114 1.98515 -7.27371 0 75 0 0
4131 1.98515 -7.27371 0 75 0 0
4148 1.98515 -7.27371 0 75 0 0
4165 1.98515 -7.27371 0 75 0 0
4182 1.98515 -7.27371 0 75 0 0
4199 1.98515 -7.27371 0 75 0 0
4216 1.98515 -7.27371 0 75 0 1
4233 1.98515 -7.27371 0 75 0 1
4250 1.98515 -7.27371 0 75 0 1
4267 1.98515 -7.27371 0 75 0 1
4284 1.98515 -7.27371 0 75 0 1
4301 1.98515 -7.27371 0 75 0 2
4318 1.98515 -7.27371 0 75 0 2
4335 1.98515 -7.27371 0 75 0 2
4352 1.98515 -7.27371 0 75 0 2
4369 1.98515 -7.27371 0 75 0 2
4386 1.98515 -7.27371 0 75 0 2
4403 1.98515 -7.27371 0 75 0 3
4420 1.98515 -7.27371 0 75 0 3
4437 1.98515 -7.27371 0 75 0 3
4454 1.98515 -7.27371 0 75 0 3
4471 1.98515 -7.27371 0 75 0 3
4488 1.98515 -7.27371 0 75 0 3
4505 1.98515 -7.27371 0 75 0 4
4522 1.98515 -7.27371 0 75 0 4
4539 1.98515 -7.27371 0 75 0 4
4556 1.98515 -7.27371 0 75 0 4
4573 1.98515 -7.27371 0 75 0 4
4590 1.98515 -7.27371 0 75 0 4
4607 1.98515 -7.27371 0 75 0 5
4624 1.98515 -7.27371 0 75 0 5
4641 1.98515 -7.27371 0 75 0 5
4658 1.98515 -7.27371 0 75 0 5
4675 1.98515 -7.27371 0 75 0 5
4692 1.93685 -7.28665 0 75 1 4
4709 1.88855 -7.29959 0 75 1 5
4726 1.84026 -7.31253 0 75 1 6
4743 1.79196 -7.32547 0 75 1 7
4760 1.74366 -7.33841 0 75 1 8
4777 1.69537 -7.35135 0 75 1 8
4794 1.64707 -7.36429 0 75 1 9
4811 1.64707 -7.36429 0 75 0 7
4828 1.64707 -7.36429 0 75 0 7
4845 1.64707 -7.36429 0 75 0 7
4862 1.64707 -7.36429 0 75 0 7
4879 1.64707 -7.36429 0 75 0 7
4896 1.64707 -7.36429 0 75 0 7
4913 1.64707 -7.36429 0 75 0 8
4930 1.64707 -7.36429 0 75 0 8
4947 1.64707 -7.36429 0 75 0 8
4964 1.64707 -7.36429 0 75 0 8
4981 1.64707 -7.36429 0 75 0 8
4998 1.64707 -7.36429 0 75 0 8
5015 1.64707 -7.36429 0 75 0 9
5032 1.64707 -7.36429 0 75 0 9
5049 1.64707 -7.36429 0 75 0 9
5066 1.64707 -7.36429 0 75 0 9
5083 1.64707 -7.36429 0 75 0 9
5100 1.64707 -7.36429 0 75 0 10
5117 1.64707 -7.36429 0 75 0 10
5134 1.59877 -7.37724 0 75 1 3
5151 1.55048 -7.39018 0 75 1 4
5168 1.50218 -7.40312 0 75 1 5
5185 1.45389 -7.41606 0 75 1 6
5202 1.40559 -7.429 0 75 1 7
5219 1.35729 -7.44194 0 75 1 7
5236 1.309 -7.45488 0 75 1 8
5253 1.309 -7.45488 0 75 0 11
5270 1.309 -7.45488 0 75 0 11
5287 1.309 -7.45488 0 75 0 11
5304 1.309 -7.45488 0 75 0 12
5321 1.309 -7.45488 0 75 0 12
5338 1.309 -7.45488 0 75 0 12
5355 1.309 -7.45488 0 75 0 12
5372 1.309 -7.45488 0 75 0 12
5389 1.309 -7.45488 0 75 0 12
5406 1.309 -7.45488 0 75 0 13
5423 1.309 -7.45488 0 75 0 13
5440 1.309 -7.45488 0 75 0 13
5457 1.309 -7.45488 0 75 0 13
5474 1.309 -7.45488 0 75 0 13
5491 1.309 -7.45488 0 75 0 13
5508 1.309 -7.45488 0 75 0 14
5525 1.309 -7.45488 0 75 0 14
5542 1.309 -7.45488 0 75 0 14
5559 1.309 -7.45488 0 75 0 14
5576 1.309 -7.45488 0 75 0 14
5593 1.309 -7.45488 0 75 0 14
5610 1.309 -7.45488 0 75 0 15
5627 1.309 -7.45488 0 75 0 15
5644 1.309 -7.45488 0 75 0 15
5661 1.309 -7.45488 0 75 0 15
5678 1.309 -7.45488 0 75 0 15
5695 1.309 -7.45488 0 75 0 15
5712 1.309 -7.45488 0 75 0 16
5729 1.309 -7.45488 0 75 0 16
5746 1.309 -7.45488 0 75 0 16
5763 1.309 -7.45488 0 75 0 16
5780 1.309 -7.45488 0 75 0 16
5797 1.309 -7.45488 0 75 0 16
5814 1.309 -7.45488 0 75 0 17
5831 1.309 -7.45488 0 75 0 17
5848 1.309 -7.45488 0 75 0 17
5865 1.309 -7.45488 0 75 0 17
5882 1.309 -7.45488 0 75 0 17
5899 1.309 -7.45488 0 75 0 17
5916 1.309 -7.45488 0 75 0 18
5933 1.309 -7.45488 0 75 0 18
5950 1.309 -7.45488 0 75 0 18
5967 1.309 -7.45488 0 75 0 18
5984 1.309 -7.45488 0 75 0 18
6001 1.309 -7.45488 0 80 1 1
6018 1.309 -7.45488 0 85 1 1
6035 1.309 -7.45488 0 90 1 2
6052 1.309 -7.45488 0 95 1 3
6069 1.309 -7.45488 0 95 0 19
6086 1.309 -7.45488 0 95 0 19
6103 1.309 -7.45488 0 95 0 20
6120 1.309 -7.45488 0 95 0 20
6137 1.309 -7.45488 0 95 0 20
6154 1.309 -7.45488 0 95 0 20
6171 1.309 -7.45488 0 95 0 20
6188 1.309 -7.45488 0 95 0 20
6205 1.309 -7.45488 0 95 0 21
6222 1.309 -7.45488 0 95 0 21
6239 1.309 -7.45488 0 95 0 21
6256 1.309 -7.45488 0 95 0 21
6273 1.309 -7.45488 0 95 0 21
6290 1.309 -7.45488 0 95 0 21
6307 1.309 -7.45488 0 95 0 22
6324 1.309 -7.45488 0 95 0 22
6341 1.309 -7.45488 0 95 0 22
6358 1.309 -7.45488 0 95 0 22
6375 1.309 -7.45488 0 95 0 22
6392 1.309 -7.45488 0 95 0 22
6409 1.309 -7.45488 0 95 0 23
6426 1.309 -7.45488 0 95 0 23
6443 1.309 -7.45488 0 95 0 23
6460 1.309 -7.45488 0 95 0 23
6477 1.309 -7.45488 0 95 0 23
6494 1.309 -7.45488 0 95 0 23
6511 1.309 -7.45488 0 95 0 24
6528 1.309 -7.45488 0 95 0 24
6545 1.309 -7.45488 0 95 0 24
6562 1.309 -7.45488 0 95 0 24
6579 1.25919 -7.45052 0 95 1 6
6596 1.20938 -7.44617 0 95 1 7
6613 1.15957 -7.44181 0 95 1 8
6630 1.10976 -7.45445 0 95 1 9
6647 1.05995 -7.46709 0 95 1 10
6664 1.01014 -7.47973 0 95 1 11
6681 0.960329 -7.49238 0 95 1 12
6698 0.910519 -7.50502 0 95 1 12
6715 0.860709 -7.51766 0 95 1 13
6732 0.810899 -7.5303 0 95 1 14
6749 0.76109 -7.54295 0 95 1 15
6766 0.71128 -7.55559 0 95 1 16
6783 0.66147 -7.56823 0 95 1 17
6800 0.61166 -7.58087 0 95 1 18
6817 0.56185 -7.59352 0 95 1 18
6834 0.512041 -7.60616 0 95 1 19
6851 0.462231 -7.6188 0 95 1 20
6868 0.412421 -7.63144 0 95 1 21
6885 0.412421 -7.64844 0 95 0 27
6902 0.412421 -7.66544 0 95 0 28
6919 0.412421 -7.68244 0 95 0 28
6936 0.412421 -7.69944 0 95 0 28
6953 0.412421 -7.71644 0 95 0 28
6970 0.412421 -7.73344 0 95 0 28
6987 0.412421 -7.75044 0 95 0 28
7004 0.412421 -7.76744 0 95 0 29
7021 0.412421 -7.78444 0 95 0 29
7038 0.412421 -7.80145 0 95 0 29
7055 0.412421 -7.81845 0 95 0 29
7072 0.412421 -7.83545 0 95 0 29
7089 0.412421 -7.85245 0 95 0 29
7106 0.412421 -7.86945 0 95 0 30
7123 0.412421 -7.88645 0 95 0 30
7140 0.412421 -7.90345 0 90 1 12
7157 0.412421 -7.92045 0 85 1 12
7174 0.412421 -7.93745 0 80 1 13
7191 0.412421 -7.95445 0 75 1 14
7208 0.412421 -7.97145 0 70 1 15
7225 0.412421 -7.98845 0 65 1 16
7242 0.412421 -8.00545 0 60 1 17
7259 0.412421 -8.02245 0 55 1 17
7276 0.412421 -8.03945 0 50 1 18
7293 0.412421 -8.05645 0 45 1 19
7310 0.412421 -8.07345 0 45 0 32
7327 0.412421 -8.09045 0 45 0 32
7344 0.412421 -8.10745 0 45 0 32
7361 0.412421 -8.12445 0 45 0 32
7378 0.412421 -8.14145 0 45 0 32
7395 0.412421 -8.15845 0 45 0 32
7412 0.412421 -8.17545 0 45 0 33
7429 0.412421 -8.19245 0 45 0 33
7446 0.412421 -8.20945 0 45 0 33
7463 0.412421 -8.22645 0 45 0 33
7480 0.412421 -8.24345 0 45 0 33
7497 0.412421 -8.26045 0 45 0 33
7514 0.412421 -8.27745 0 45 0 34
7531 0.412421 -8.29445 0 45 0 34
7548 0.412421 -8.31145 0 45 0 34
7565 0.412421 -8.32845 0 40 1 10
7582 0.412421 -8.34545 0 35 1 11
7599 0.412421 -8.36245 0 30 1 11
7616 0.412421 -8.37945 0 25 1 12
7633 0.412421 -8.39645 0 20 1 13
7650 0.412421 -8.41345 0 20 0 35
7667 0.412421 -8.43045 0 20 0 35
7684 0.412421 -8.44745 0 20 0 35
7701 0.412421 -8.46445 0 20 0 36
7718 0.412421 -8.48145 0 20 0 36
7735 0.412421 -8.49845 0 20 0 36
7752 0.412421 -8.51545 0 20 0 36
7769 0.412421 -8.53245 0 20 0 36
7786 0.412421 -8.54945 0 20 0 36
7803 0.412421 -8.56645 0 20 0 37
7820 0.412421 -8.58345 0 20 0 37
7837 0.412421 -8.60045 0 20 0 37
7854 0.412421 -8.61745 0 20 0 37
7871 0.412421 -8.63445 0 20 0 37
7888 0.412421 -8.65145 0 20 0 37
7905 0.412421 -8.66846 0 20 0 38
7922 0.412421 -8.68546 0 15 1 5
7939 0.412421 -8.70246 0 10 1 5
7956 0.412421 -8.71946 0 5 1 6
7973 0.412421 -8.73646 0 0 1 7
7990 0.412421 -8.75346 0 -5 1 8
8007 0.412421 -8.77046 0 -5 0 39
8024 0.412421 -8.78746 0 -5 0 39
8041 0.412421 -8.80446 0 -5 0 39
8058 0.412421 -8.82146 0 -5 0 39
8075 0.412421 -8.83846 0 -5 0 39
8092 0.412421 -8.85546 0 -5 0 39
8109 0.412421 -8.87246 0 -5 0 40
8126 0.412421 -8.88946 0 -5 0 40
8143 0.412421 -8.90646 0 -5 0 40
8160 0.412421 -8.92346 0 -5 0 40
8177 0.412421 -8.94046 0 -5 0 40
8194 0.412421 -8.95746 0 -5 0 40
8211 0.412421 -8.97446 0 -5 0 0
8228 0.412421 -8.99146 0 -5 0 0
8245 0.412421 -9.00846 0 -5 0 0
8262 0.412421 -9.02546 0 -5 0 0
8279 0.412421 -9.04246 0 -5 0 0
8296 0.412421 -9.05946 0 -5 0 0
8313 0.416779 -9.12627 0 -5 1 1
8330 0.421137 -9.19308 0 -5 1 2
8347 0.425495 -9.25989 0 -5 1 3
8364 0.429852 -9.3267 0.0495839 -5 2 0
8381 0.43421 -9.39351 0.0963356 -5 2 1
8398 0.438568 -9.46032 0.140255 -5 2 2
8415 0.442926 -9.52713 0.181342 -5 2 3
8432 0.447284 -9.59394 0.219597 -5 2 4
8449 0.451641 -9.66075 0.25502 -5 2 5
8466 0.455999 -9.72756 0.287611 -5 2 6
8483 0.460357 -9.79437 0.31737 -5 2 7
8500 0.464715 -9.86118 0.344296 -5 2 8
8517 0.469072 -9.92799 0.36839 -5 2 8
8534 0.47343 -9.99479 0.389652 -5 2 9
8551 0.477788 -10.0616 0.408082 -5 2 10
8568 0.482146 -10.1284 0.423679 -5 2 11
8585 0.486504 -10.1952 0.436444 -5 2 12
8602 0.490861 -10.262 0.446377 -5 2 13
8619 0.495219 -10.3288 0.453478 -5 2 14
8636 0.499577 -10.3957 0.457747 -5 2 15
8653 0.503935 -10.4625 0.459184 -5 2 16
8670 0.508293 -10.5293 0.457788 -5 2 16
8687 0.51265 -10.5961 0.45356 -5 2 17
8704 0.517008 -10.6629 0.4465 -5 2 18
8721 0.521366 -10.7297 0.436608 -5 2 19
8738 0.525724 -10.7965 0.423883 -5 2 20
8755 0.530082 -10.8633 0.408326 -5 2 21
