250
17 0.5 -0.5 0 0 1 0
34 0.5 -0.55 0 0 1 1
51 0.5 -0.6 0 0 1 2
68 0.5 -0.65 0 0 1 3
85 0.5 -0.65 0 0 0 0
102 0.5 -0.65 0 0 0 1
119 0.5 -0.65 0 0 0 1
136 0.5 -0.65 0 0 0 1
153 0.5 -0.65 0 0 0 1
170 0.5 -0.65 0 0 0 1
187 0.5 -0.65 0 0 0 1
204 0.5 -0.65 0 0 0 2
221 0.5 -0.65 0 0 0 2
238 0.5 -0.65 0 0 0 2
255 0.5 -0.65 0 0 0 2
272 0.5 -0.65 0 0 0 2
289 0.5 -0.65 0 0 0 2
306 0.5 -0.65 0 0 0 3
323 0.5 -0.65 0 0 0 3
340 0.5 -0.65 0 0 0 3
357 0.5 -0.65 0 0 0 3
374 0.5 -0.65 0 0 0 3
391 0.5 -0.65 0 0 0 3
408 0.5 -0.65 0 0 0 4
425 0.5 -0.65 0 0 0 4
442 0.5 -0.65 0 0 0 4
459 0.5 -0.7 0 0 1 22
476 0.5 -0.75 0 0 1 0
493 0.5 -0.8 0 0 1 1
510 0.5 -0.85 0 0 1 2
527 0.5 -0.9 0 0 1 3
544 0.5 -0.95 0 0 1 4
561 0.5 -1 0 0 1 5
578 0.5 -1.05 0 0 1 5
595 0.5 -1.1 0 0 1 6
612 0.5 -1.15 0 0 1 7
629 0.5 -1.2 0 0 1 8
646 0.5 -1.25 0 0 1 9
663 0.5 -1.3 0 0 1 10
680 0.5 -1.35 0 0 1 11
697 0.5 -1.4 0 0 1 11
714 0.5 -1.45 0 0 1 12
731 0.5 -1.5 0 0 1 13
748 0.5 -1.55 0 0 1 14
765 0.5 -1.55 0 0 0 7
782 0.5 -1.55 0 0 0 7
799 0.5 -1.55 0 0 0 7
816 0.5 -1.55 0 0 0 8
833 0.5 -1.55 0 0 0 8
850 0.5 -1.55 0 0 0 8
867 0.5 -1.55 0 0 0 8
884 0.5 -1.55 0 0 0 8
901 0.5 -1.55 0 0 0 9
918 0.5 -1.55 0 0 0 9
935 0.5 -1.55 0 0 0 9
952 0.5 -1.55 0 0 0 9
969 0.5 -1.55 0 0 0 9
986 0.5 -1.55 0 0 0 9
1003 0.5 -1.55 0 0 0 10
1020 0.5 -1.55 0 0 0 10
1037 0.5 -1.55 0 0 0 10
1054 0.5 -1.55 0 0 0 10
1071 0.5 -1.55 0 0 0 10
1088 0.5 -1.55 0 0 0 10
1105 0.5 -1.55 0 0 0 11
1122 0.5 -1.55 0 0 0 11
1139 0.5 -1.55 0 0 0 11
1156 0.5 -1.55 0 0 0 11
1173 0.5 -1.55 0 0 0 11
1190 0.5 -1.55 0 0 0 11
1207 0.5 -1.55 0 0 0 12
1224 0.5 -1.55 0 0 0 12
1241 0.5 -1.55 0 0 0 12
1258 0.5 -1.55 0 0 0 12
1275 0.5 -1.55 0 0 0 12
1292 0.5 -1.55 0 0 0 12
1309 0.5 -1.55 0 0 0 13
1326 0.5 -1.55 0 0 0 13
1343 0.5 -1.55 0 0 0 13
1360 0.5 -1.55 0 0 0 13
1377 0.5 -1.55 0 0 0 13
1394 0.5 -1.55 0 0 0 13
1411 0.5 -1.55 0 0 0 14
1428 0.5 -1.55 0 0 0 14
1445 0.5 -1.55 0 0 0 14
1462 0.5 -1.55 0 0 0 14
1479 0.5 -1.55 0 0 0 14
1496 0.5 -1.55 0 0 0 14
1513 0.5 -1.55 0 0 0 15
1530 0.5 -1.55 0 0 0 15
1547 0.5 -1.55 0 0 0 15
1564 0.5 -1.55 0 0 0 15
1581 0.5 -1.55 0 0 0 15
1598 0.5 -1.55 0 0 0 15
1615 0.5 -1.55 0 0 0 16
1632 0.5 -1.55 0 0 0 16
1649 0.5 -1.55 0 0 0 16
1666 0.5 -1.55 0 0 0 16
1683 0.5 -1.55 0 0 0 16
1700 0.5 -1.55 0 0 0 17
1717 0.5 -1.72 0 0 0 17
1734 0.5 -1.89 0 0 0 17
1751 0.5 -2.06 0 0 0 17
1768 0.5 -2.23 0 0 0 17
1785 0.5 -2.4 0 0 0 17
1802 0.5 -2.57 0 0 0 18
1819 0.5 -2.74 0 0 0 18
1836 0.5 -2.91 0 0 0 18
1853 0.5 -3.08 0 0 0 18
1870 0.5 -3.25 0 0 0 18
1887 0.5 -3.42 0 0 0 18
1904 0.5 -3.59 0 0 0 19
1921 0.5 -3.76 0 0 0 19
1938 0.5 -3.93 0 0 0 19
1955 0.5 -4.1 0 0 0 19
1972 0.5 -4.27 0 0 0 19
1989 0.5 -4.44 0 0 0 19
2006 0.5 -4.61 0 0 0 20
2023 0.5 -4.78 0 0 0 20
2040 0.5 -4.95 0 0 0 20
2057 0.5 -5.12 0 0 0 20
2074 0.5 -5.29 0 0 0 20
2091 0.5 -5.46 0 0 0 20
2108 0.5 -5.63 0 0 0 21
2125 0.5 -5.8 0 0 0 21
2142 0.5 -5.97 0 0 0 21
2159 0.5 -6.14 0 0 0 21
2176 0.5 -6.31 0 0 0 21
2193 0.5 -6.48 0 0 0 21
2210 0.5 -6.65 0 0 0 22
2227 0.5 -6.82 0 0 0 22
2244 0.5 -6.99 0 0 0 22
2261 0.5 -7.16 0 0 0 22
2278 0.5 -7.33 0 0 0 22
2295 0.5 -7.5 0 0 0 22
2312 0.5 -7.67 0 0 0 23
2329 0.5 -7.84 0 0 0 23
2346 0.5 -8.01 0 0 0 23
2363 0.5 -8.18 0 0 0 23
2380 0.5 -8.35 0 0 0 23
2397 0.5 -8.52 0 0 0 23
2414 0.5 -8.69 0 0 0 24
2431 0.5 -8.86 0 0 0 24
2448 0.5 -9.03 0 0 0 24
2465 0.5 -9.2 0 0 0 24
2482 0.5 -9.37 0 0 0 24
2499 0.5 -9.54 0 0 0 24
2516 0.5 -9.71 0 0 0 25
2533 0.5 -9.88 0 0 0 25
2550 0.5 -10.05 0 0 0 25
2567 0.5 -10.22 0 0 0 25
2584 0.5 -10.39 0 0 0 25
2601 0.5 -10.56 0 0 0 26
2618 0.5 -10.73 0 0 0 26
2635 0.5 -10.9 0 0 0 26
2652 0.5 -11.07 0 0 0 26
2669 0.5 -11.24 0 0 0 26
2686 0.5 -11.41 0 0 0 26
2703 0.5 -11.58 0 0 0 27
2720 0.5 -11.75 0 0 0 27
2737 0.5 -11.92 0 0 0 27
2754 0.5 -12.09 0 0 0 27
2771 0.5 -12.26 0 0 0 27
2788 0.5 -12.43 0 0 0 27
2805 0.5 -12.6 0 0 0 28
2822 0.5 -12.77 0 0 0 28
2839 0.5 -12.94 0 0 0 28
2856 0.5 -13.11 0 0 0 28
2873 0.5 -13.28 0 0 0 28
2890 0.5 -13.45 0 0 0 28
2907 0.5 -13.62 0 0 0 29
2924 0.5 -13.79 0 0 0 29
2941 0.5 -13.96 0 0 0 29
2958 0.5 -14.13 0 0 0 29
2975 0.5 -14.3 0 0 0 29
2992 0.5 -14.47 0 0 0 29
3009 0.5 -14.64 0 0 0 30
3026 0.5 -14.81 0 0 0 30
3043 0.5 -14.98 0 0 0 30
3060 0.5 -15.15 0 0 0 30
3077 0.5 -15.32 0 0 0 30
3094 0.5 -15.49 0 0 0 30
3111 0.5 -15.66 0 0 0 31
3128 0.5 -15.83 0 0 0 31
3145 0.5 -16 0 0 0 31
3162 0.5 -16.17 0 0 0 31
3179 0.5 -16.34 0 0 0 31
3196 0.5 -16.51 0 0 0 31
3213 0.5 -16.68 0 0 0 32
3230 0.5 -16.85 0 0 0 32
3247 0.5 -17.02 0 0 0 32
3264 0.5 -17.19 0 0 0 32
3281 0.5 -17.36 0 0 0 32
3298 0.5 -17.53 0 0 0 32
3315 0.5 -17.7 0 0 0 33
3332 0.5 -17.87 0 0 0 33
3349 0.5 -18.04 0 0 0 33
3366 0.5 -18.21 0 0 0 33
3383 0.5 -18.38 0 0 0 33
3400 0.5 -18.55 0 0 0 34
3417 0.5 -18.72 0 0 0 34
3434 0.5 -18.89 0 0 0 34
3451 0.5 -19.06 0 0 0 34
3468 0.5 -19.23 0 0 0 34
3485 0.5 -19.4 0 0 0 34
3502 0.5 -19.57 0 0 0 35
3519 0.5 -19.74 0 0 0 35
3536 0.5 -19.91 0 0 0 35
3553 0.5 -20.08 0 0 0 35
3570 0.5 -20.25 0 0 0 35
3587 0.5 -20.42 0 0 0 35
3604 0.5 -20.59 0 0 0 36
3621 0.5 -20.76 0 0 0 36
3638 0.5 -20.98 0 0 1 20
3655 0.5 -21.2 0 0 1 21
3672 0.5 -21.42 0 0 1 22
3689 0.5 -21.64 0.0495839 0 2 0
3706 0.5 -21.86 0.0963356 0 2 1
3723 0.5 -22.08 0.140255 0 2 2
3740 0.5 -22.3 0.181342 0 2 3
3757 0.5 -22.52 0.219597 0 2 4
3774 0.5 -22.74 0.25502 0 2 5
3791 0.5 -22.96 0.287611 0 2 6
3808 0.5 -23.18 0.31737 0 2 7
3825 0.5 -23.4 0.344296 0 2 8
3842 0.5 -23.62 0.36839 0 2 8
3859 0.5 -23.84 0.389652 0 2 9
3876 0.5 -24.06 0.408082 0 2 10
3893 0.5 -24.28 0.423679 0 2 11
3910 0.5 -24.5 0.436444 0 2 12
3927 0.5 -24.72 0.446377 0 2 13
3944 0.5 -24.94 0.453478 0 2 14
3961 0.5 -25.16 0.457747 0 2 15
3978 0.5 -25.38 0.459184 0 2 16
3995 0.5 -25.6 0.457788 0 2 16
4012 0.5 -25.82 0.45356 0 2 17
4029 0.5 -26.04 0.4465 0 2 18
4046 0.5 -26.26 0.436608 0 2 19
4063 0.5 -26.48 0.423883 0 2 20
4080 0.5 -26.7 0.408326 0 2 21
4097 0.5 -26.92 0.389938 0 2 22
4114 0.5 -27.14 0.368716 0 2 23
4131 0.5 -27.36 0.344663 0 2 24
4148 0.5 -27.58 0.317778 0 2 24
4165 0.5 -27.8 0.28806 0 2 25
4182 0.5 -28.02 0.25551 0 2 26
4199 0.5 -28.24 0.220128 0 2 27
4216 0.5 -28.46 0.181913 0 2 28
4233 0.5 -28.68 0.140867 0 2 29
4250 0.5 -28.9 0.0969883 0 2 30
